69016269
69997279
66014890
64138109
65167621
65644321
67468802
61121466
62211663
63416107
68177637
67236666
64290204
66825202
66029926
64274466
69637060
63637438
65277517
69921080
69363064
65852661
64492516
62066672
64223866
61063678
62170984
67117318
65495530
67539836
67011217
61480129
66460533
63503346
63128617
65892121
65269779
63079996
62653685
64842012
62845220
64195255
64197240
68407947
67410640
69986255
62252666
65980256
61024252
67162506
61146949
68403221
68119621
64156036
66252875
63137768
66573417
69656439
63248654
62173671
66162644
64043794
64764849
65932500
63105195
69296807
65133463
65346161
65852167
64116685
63018226
65953614
66713561
63490496
64172572
69529579
69602337
68864776
61541530
65934222
69419655
61221907
67661456
64046142
61317021
61844256
62592813
62413796
64598550
68500514
64323935
68372150
67245577
68143338
62009945
67117872
67165734
69664621
62030431
62313135
63040068
63797443
61048365
61992366
66353884
62130246
63262065
61268996
63543094
66929206
65743317
66660314
64270875
64050947
67921682
67245594
69240570
69818654
64045097
62322950
61176446
65803750
62487312
63542436
63198941
66117713
64343440
65369344
67453520
62397351
67389322
65364319
65451446
69612645
69647718
66043340
62243057
62529778
67692327
62597223
62034302
61350002
61371920
68296102
68424887
69913567
68338454
63116791
69393697
62174633
69745991
64060569
63600093
69712507
65215131
68217636
67290195
68124302
69730090
67254972
63407088
64671143
67680590
69784746
63542929
63857084
65074296
64615174
65097616
65135902
64526483
62748452
69918753
65641376
67371242
62263155
64504619
68434754
67365154
62003924
67723613
66965257
69204243
63710933
66663041
64434204
69252313
66212124
68340182
68105249
66793419
65834903
63272354
61802795
67930305
65998463
65493620
64757817
66728202
67533154
63004840
67206572
62214972
65911918
67207371
63062163
62052630
63709692
62018044
68972489
64392698
61550206
62050174
65711032
65721663
65658795
68306400
68233563
61050735
68884738
65019638
63273492
66555210
64859693
69001781
67020144
64728650
67564111
63363128
66767090
65248788
67488273
64325923
61074845
66785915
63039540
63036049
69672095
61318396
69678159
67516098
66014272
63622430
67297625
62673665
67662324
66195496
65231455
63490347
68313793
69334831
68533217
61157343
63816536
64772256
69629339
61308361
63739859
62610661
61019508
67201910
63255087
65514620
65681150
68327694
64494081
62905552
63484605
65901938
66635404
69223723
68921530
63530039
69296689
64991805
64173435
64716532
61008046
63968841
64015741
65621437
61282091
61890933
66573066
67331587
69675767
64571219
62044515
65419659
66727056
69626033
63428682
65635832
68095767
69949856
65558793
69474449
62193085
68442033
64084485
61477868
66830373
65340418
66648393
64655728
65829004
65725502
69643243
67376816
69811437
62712733
65737945
66964094
64251798
63530687
63853129
69281931
61659226
65635533
62235516
66538712
66924138
61660797
61276679
65766541
63174851
63135729
67500942
62912801
61496161
67199099
66255768
66223735
64228442
63941742
63198926
62966825
69159659
61278329
61558625
69324350
65126113
68243071
67576766
66483732
68115917
67126700
64740448
67137561
69874572
69037006
64994707
61950544
63103144
62324200
62448564
68900466
62550991
62955156
61149708
69273740
65330627
66569618
67944249
67953287
69626317
67983564
64789947
63793251
64658883
63449268
63256433
63780697
69759735
63340465
64526635
66764368
64411856
68520950
64834927
67184839
68907349
62422129
68294548
63458217
65254370
62053175
67912475
67219273
65410634
65461756
66736612
62065250
61194617
63112553
69296579
64152580
69756822
62812533
63683043
68908849
66066683
68051171
69005097
61711809
65388495
64819639
62585129
66935486
63542692
61875284
67728043
65509173
66073520
64747322
67595018
64704178
62591576
69175706
63672956
63871776
69484756
62398660
66407958
67598012
69710638
68001464
68931004
68984163
61135273
61546255
68509097
69483494
68479626
67071856
69203857
63436541
61019207
64568762
65904497
65540256
62760912
64271909
67423669
63468757
62170085
63233246
68733099
62911226
64507332
65187418
68148764
69938710
62701604
61723960
65315043
69245531
61053185
62214755
66552962
65774095
63764968
65029797
62568661
68507327
64041663
64175215
65342593
67596506
62946794
65664145
69399401
69769609
67045086
61339376
62252056
67625604
64844574
65552581
62606438
67279764
64222938
68084238
63730939
62629733
68710667
63195976
65486086
61625138
67553966
69342100
69750583
65054199
64340903
64452863
68747693
64508951
61240756
66585352
64057833