68888888
66888888
68686868
62222228
61111111
68000000
68785027
68888625
61838116
66978282
68928206
68918516
65982378
66688606
62886883
66361388
68588938
68006008
68277582
62855887
69699828
68903837
67807856
68063185
68823100
62373288
67778880
63829811
66276838
66588852
65031881
65878096
68308671
68569895
62998618
69885198
65865875
62368181
68866361
67038787
66011887
69086807
68751928
67885313
65090888
68835285
67808836
66567883
68187009
69533838
65027883
65059880
66857687
66821338
68673058
68056802
67078890
66886211
68755382
63890785
63268889
68228185
69858765
68983302
66130988
68038353
68128287
67186890
68875713
68727738
68789875
66093188
68195862
69308872
68927826
68909805
69989817
68663888
68383250
68318005
65978687
67072388
68812265
67180838
67082682
63028287
61087998
63380837
69887526
67768857
61011883
69817508
65588290
68930718
61358871
61628881
65885982
68218812
65585988
68218838
65580689
68325583
69568758
67818670
66886173
66310788
68120288
61033868
65118821
67829358
69085038
68887283
63285983
61378825
65333808
63861158
68589309
68789033
68533368
68782825
68837229
66109889
68282958
69881796
69888758
67816866
66173808
61118880
66682558
68982221
69886053
62188831
63987158
65893218
63829835
63826938
67082880
61833837
68901068
63656889
62689869
68183660
66686386
68289858
67898366
68531851
68719798
68511873
61683389
63609885
68697038
68580380
68582635
65887331
68675768
68267681
68586567
63692088
68277780
68733886
61810982
68308057
66970688
63782385
68782289
62687158
67803980
67639880
68836039
65389198
67108872
68928351
65898630
61581983
65688071
68586121
67853787
61298082
65918178
68218271
69338835
68872798
68568778
61769886
62928278
68728823
67839118
66309988
68809303
69688000
68781705
69818766
65832881
66188702
62328286
68081837
65838227
62816908
62885093
68872137
68592598
67855908
68811958
68909682
62338888
65115880
61869986
63881338
67982817
61862983
62587558
65905788
66572818
68816626
63802802
68629018
62280867
61528281
68108985
66668388
67182787
66856863
68802595
66883830
65579858
68756833
68830769
68889015
68968820
63885128
61783589
61982788
68383315
68852688
69198318
66818062
68615982
68028825
63883781
63286285
69688250
68701798
65858253
68852582
68127783
65836108
61880016
68673685
68509958
67988826
67288765
61608815
69888539
63875182
66837780
68258017
68718967
66391886
63388797
67608989
68780783
69017088
67838121
62581856
63538208
67186908
68693938
63518829
68780809
63875885
63883976
62988817
65608851
66289982
63798780
63685681
68916382
66388558
68911358
62860678
62688865
61832881
69980868
66181618
69189728
66228812
66786897
67058839
69588876
67861856
68885012