68286204
64328388
66318890
68603028
69846767
67722044
61045376
69540169
64988126
64494525
65898834
69935793
66570054
67076010
69496535
69255518
63727553
63483711
68038772
62951847
65323456
67227787
62400585
69027101
67821853
68893862
69533421
61009056
68377034
65390264
69417997
63448957
64102795
64102795
69991809
67830958
69995202
68852667
63411288
65978666
64034444
62543876
69538681
61507729
68089141
64426364
66676819
67545043
62309883
68611298
66885957
66880834
63793918
65380519
62220570
64352315
69222024
69895207
66900155
62007034
68102998
62436489
66166904
63602007
65130407
62415881
67286077
69800399
65744631
61691847
65375042
64559968
64569649
68466720
63549307
69538698
69001521
61346836
61773737
62682976
62441913
61881700
67968748
67381880
61407913
66044566
66271218
65885927
68301660
64088734
68689841
69232415
64184694
62967459
67111559
65349742
61068092
65161185
69771923
63386578
68563694
61864322
63392414
61834875
68287390
66806435
67604863
66749400
69638742
61403989
62871693
65039899
62702669
67754566
68722219
61967121
61541269
61861241
64035381
66909658
69994169
62730131
63614482
69263987
66207543
62682537
68172037
64283865
68459582
62935042
64042719
68464861
65676848
69713592
61265453
61874273
63028323
62635912
66886642
64393817
67653751
66357938
64860810
62360932
69647642
69544681
66122900
68394244
66720219
62451565
67277210
61955551
68737600
63420260
65093602
66157643
63957814
63972872
63906248
66837285
68766520
68488953
69890871
66559314
67566310
61340293
69645328
62433066
63401249
67596058
68013682
67918011
62143902
67301059
69863398
69659177
65849228
63734691
62395509
67440798
64388747
65167592
67636333
69124039
61382414
69067369
62084375
61611411
62552705
66984413
65084081
64423308
67524434
61632009
65982654
64457205
65312506
63195575
63740333
62548703
67022474
69912542
69679386
63506821
67927078
69183386
69859607
68397560
68579646
66581578
67500951
64003171
68193808
69994659
67291229
63229248
62434311
63675682
61780878
62992676
68333192
64894251
64747944
62161734
69650419
65810538
67702550
63826525
65465720
64166246
61017384
61251767
61483155
68741779
61128401
67772061
63213055
69590487
65089581
63473484
66200188
65026092
67179246
62431532
62695571
66382497
65290147
66141897
62905400
66783172
67861003
66440252
61408201
66780567
63961809
65592356
67133119
66527647
62304596
62733317
61997965
65606765
69910804
67735015
67677767
61619006
63348460
68487559
64644124
63279779
68128282
67158640
61575755
64182242
65738627
61223352
64604245
61054745
65842127
68003983
66118127
63842427
67237556
68904405
64318157
66768032
66259582
65637760
64252294
64269399
65933067
65682022
64663546
64635663
68676406
66629497
61709505
68616267
63557935
67104230
68840014
65909964
68149946
68957254
66597820
66730926
69739894
62549618
67502935
69050390
67388258
65363116
69949393
67268176
61298945
66340830
69491829
68524383
64119866
64462124
62475420
67701195
61504537
68148829
65251722
66573145
67120252
63552725
69644850
63322158
68966674
65481687
63266101
67102562
62205905
62945779
66385039
63119525
67632664
62522223
65432917
65742764
66104649
64735079
65740095
66670946
61679792
66493315
66619164
68376857
67658229
64505727
66551211
66921475
64784989
69019782
66580153
63353375
62887766
67201248
62419576
66877389
63820405
66147312
61654433
65373862
66638897
64416079
66562388
64416079
67304887
62651060
61313415
69780124
69435153
65168789
68703985
68160538
68386735
69551323
66816888
63866586
62377599
62004372
63764929
61561451
68888783
62042078
64720520
63903715
65128392
65681178
63224572
68017704
66917153
61494231
62131670
61660694
67868774
67296876
61184073
63794157
68699907
67757628
69743334
67905491
69062430
64285302
66123557
61786760
61269063
67318459
66301584
69017758
62768830
63784173
69123004
69780913
65576194
68264706
62421012
67480965
69423013
63274394
63490162
63778498
61144503
68185288
63369442
61967270
64618741
68700555
62620237
67097472
65136988
66268012
68973216
66165398
63400242
66032056
63933422
65623557
69770027
62509827
68061931
69454946
65406496
65674080
67682345
61077543
65577333
62697215
62213127
66365587
64422253
68147880
64590263
65788755
66064460
61838454
63507305
67145850
68389156
66598869
66868470
66070930
66496732
69026162
67656077
61310009
62698308
63492464
64259898
65032596
63263092
65369119
67213136
67065740
69275286
62458179
62264211
65435042
69576977
65126540
62916454
68524896
69321536
67726498
67442545
65880045
67477616
62033721
66205771
69218375
61666638
61587102
61963213
61321018
61375694
68495616
66179911
67503900
67585361
69879166
63661019
61344454
66490899
65265810
64925907
67170075
66099021
65693260
68058984
62804829
66523710
64780242
61398083
67983404
66572246
65150368
65371490
62088478
66211123
62070120
68905838
65095131
67683187
62796360
69330555
69218720
63101726
69839654
63902860
62692188
67087363
66292475
66996268
61954239
62597665
69480788
64766777
62039970
63478686
65429001
63317044
66121795
68987851
65746782
67785878
65346278
69626634
65354631
69711251
63628937
62705256
69316956
66460255
69625223
61817781
64819490
61047527
66173468
62218757
64072098
68944772
66568047
61140362
65792803
69414577
62417548
62811717
68472745
68537043
65219144
69239693
65088514
63822247
67822065
65605288
67370377
62758982
67582058
61703343
65968467
64817403
66157598
69262936
64440660
68302057
66371636
63710515
68930399
64582717
62352890
69740158
67741201
65549815
64900389
63695625
63292599
65826447
66313310
69797766
66319974
64273602
62630100
66787475
65470038
64189261
64684385
69133015
61310312
67902941
64584350
63625847