67444221
61434534
61744679
64103143
61984759
67948483
67851405
67362089
67270415
66473932
68657207
67657857
69210990
62093259
66927614
63637408
63632656
63765709
66232876
65644225
62226577
61703411
64309515
65404746
65386949
67154917
66371343
64060111
64415038
64319927
64012702
66003124
64785985
62727282
69386874
67166930
61871949
65866532
66705514
69823647
64516069
68430785
69345920
67184173
63951322
64605207
63350199
61357951
67807884
67779356
67779158
63393761
61331626
67559844
69192526
61563921
67733147
68042823
69017621
61572794
62032245
63526322
61733849
66297016
69798162
66928612
63965409
67146886
66011432
62246247
66940675
62073282
67380741
63127054
69250690
67003165
66832431
67329546
67399585
67484536
63595798
61262356
65740122
68946250
69360171
67076984
61677063
65547654
61495350
69563846
66024597
67368524
66821190
68817457
61143858
69395697
63392470
64475431
67528965
63459493
69460797
66462278
64256015
62851071
62331196
61609003
63260394
65468550
65746058
66482217
69931944
61455256
69221249
67442287
68954960
67481635
69560290
67735055
61951270
62191117
64341570
67896965
66399222
68020396
63694741
62535750
66276633
64967216
64735278
65409161
63139614
63228540
64570695
67208441
69179504
61069013
64979731
69495813
68901319
64189467
61936389
63565863
64269057
68063674
62337935
65160827
67785757
69105679
65743743
62091975
68998404
64979266
69182527
66565512
64698913
69631487
68291962
66433050
64500436
62659523
61672680
68674561
63129776
66660759
61651839
63723584
69588438
69214640
69109921
64332273
63502734
65831250
65943190
65139076
67946965
66392709
65398227
64419480
63862041
68904670
62498802
69379208
61833525
69563347
69983102
69634197
63133181
66540816
63706547
67604350
62009156
68588466
66695428
65036370
68978094
65606789
63316907
62365626
67233891
63400708
66996791
64401767
64138471
61512355
67934248
68071045
66476786
62536290
65247573
67737517
61632121
66412176
61257294
67961747
65573926
62277186
61384195
68126199
63775067
61951680
61220565
69642880
62213309
66417310
66721343
62040998
65125446
68988104
65537718
63539374
64534259
68834297
65434583
68961265
67248994
68959712
62766652
61279769
61719900
66111016
63995501
68004439
65402560
63103156
67171437
61547570
67122496
67720906
63455477
63814730
64839722
61916174
67773225
68611389
62289556
67438967
66714804
66923818
64693461
69019950
65421413
66460621
63894507
65311761
64513849
66218725
65760419
63774777
67369007
69915939
67568565
66984197
67771343
67899445
64530024
61708561
63652213
68533554
69464364
62712088
64349326
69433906
65888603
61502378
67759454
62397342
68202819
62895961
64442357
66815717
69821015
64042542
64018042
64251605
62852689
62871259
68072511
66421846
69226194
61127339
63244268
67779209
66143680
68854931
63993555
64856532
66994353
64206089
69117225
63305527
64631565
61750664
69028764
64064061
65801653
65650707
66989656
65206803
63171817
69166938
69095858
65671501
61867076
62906920
61064116
67596621
69780022
64030280
63574271
62145570
62004345
64975729
69442019
63953272
64668859
69444463
64005152
69874984
69446290
64173318
64716718
64506942
69800468
62086915
65065713
62643389
64594850
61266180
63445648
67261983
64898464
67173131
69785752
67693634
61831236
68501976
64175607
64599882
62408152
66227272
62660204
64247057
61357306
62120684
69033788
62902508
69965174
62553871
68734375
61609523
62869840
69324200
64119111
63723503
68136695
68732211
61624320
63978899
68300138
62467500
67545882
64097086
68873143
61064728
69778345
68582953
69855601
62501327
66666287
61696672
64621325
64581720
68612991
65519797
67063745
61285743
62478004
61301163
62104526
62450008
63287844
65411157
61334617
69603658
61140576
62700379
61641227
68640911
69772662
66463961
69977383
64354515
63315846
69083913
64485957
69254842
65326035
61128130
68153975
62847440
66734961
64357542
65222732
62955542
68108940
69578081
65124825
62860169
61041402
68183685
62463320
63427925
68962629
64939356
66492507
64784580
63482251
64879022
67671423
65144685
68387766
61021808
67662087
66744194
65478125
62534570
66241461
61065079
61404318
68517125
66115865
63218265
65583732
62159023
67693364
63599803
63097376
68616207
67604533
63761928
61181078
62356333
65744512
69541711
67588275
61861045
68661451
65631179
63560817
67556855
68070395
66729748
65892855
66583903
61176598
69316893
67763896
68858242
62379263
64307308
64864175
65352090
62074421
64106659
68201178
61430763
63130349
68274599
69982368