68739651
63927922
64126509
69389675
61570632
64739968
65661489
68656587
63496910
66339547
64169197
68134879
68350963
69839090
66516991
65012490
63306085
63972957
69587891
68682929
69206538
64290565
61408581
62405959
69045676
65447112
67061876
61010573
62966698
69595798
64768140
63404060
64181507
63020682
66315109
65332913
61425895
66510022
67396036
65467806
64864831
64308960
67684490
65146874
68996723
67735912
68061583
69581790
63136199
66631499
67422556
65780534
61452815
66025855
66614420
62417183
68111432
68172327
68248985
65090812
61291123
63583877
62816551
66585596
67749674
69244019
67031245
64906377
69416349
61252709
62560451
64373301
68814265
61766953
66503043
64247177
61966610
69258892
67659885
68867626
63116192
63583945
61333414
68530212
64793521
61695489
66539666
62486713
65875116
68170752
61341040
66187742
61514433
65837278
65321965
67675405
69160841
69718110
64758883
64652068
69359110
67820070
67120024
69225581
69118260
65868666
65558425
62424426
67498768
69725128
61212529
65149758
61272657
62333787
64272323
67666666
62580323
69917750
63909150
68950042
67539467
62654909
66868239
64388770
66251378
63371207
66304337
62841197
63814351
62605480
64371396
61298028
62883508
64351274
69588220
64384015
65633418
68055755
69709140
61740334
64710056
65196347
65248731
69395031
63010670
63758516
69990498
65927732
64201841
64486209
62814965
68039185
66985250
69083232
63597450
65017485
63992523
62975664
64448460
66999289
69740974
69164656
64306125
61527073
65087924
66454094
61704374
66726619
68150798
66477821
69506557
61363695
65288757
68491635
69922583
68753623
62944424
65450141
64936917
64254466
66092209
61278494
69140137
61012122
67077594
69894393
61991511
61009963
63389523
67776556
68804314
69313617
66202897
61343097
68638279
67804315
61023021
65202309
64064872
67998315
69206041
61994995
65662065
61982021
68938581
66845206
63410911
68003763
63081373
69049790
65068287
66675468
67071154
64249112
61608528
65077641
67180739
62250912
64328486
61385493
66751835
63453691
66512592
61298999
62183501
62085032
61597133
65526481
64779211
63914595
68974771
65722194
65399441
68045871
66067438
66027435
62738649
63763122
61568472
64235839
61784368
61766212
67508517
66164323
69118829
68913226
61950271
61703502
64364199
69819923
64375028
61317639
67696668
67015965
64502000
63842450
67850232
65214583
63309544
61929342
68132358
64926949
62399751
62931685
66979895
65785127
66512633
66683413
66327976
64933374
62098970
65341277
62512446
64475806
64144665
61660901
63507350
69741547
62936190
69324905
64398374
64992235
65159685
65987468
66967791
69604862
67508012
68969276
69792893
67060791
64514889
66717577
64074671
67964813
68622303
62312011
61137779
61604320
62648859
62776974
68404903
69684610
62610823
67729961
63938677
61967962
62575367
68252817
69098565
65319932
64889660
67202263
64726725
62000873
62669648
68629293
66590320
65987296
68577033
62139390
69835384
61044439
69898143
63122795
69047712
64613454
62209702
66359058
68860119
65705662
67985509
69700348
69591867
68364079
66483825
65596979
63073110
63009844
66267731
64669391
68173803
62170670
67812376
65686107
69439534
67281655
61868525
68722770
64184261
68338634
67095026
63692900
69461263
67945904
65565487
61347313
61128582
66131824
69494480
65596459
64376744
63175888
66848000
68317618
63100916
68088180
61406721
63511910
64705066
64402434
66599849
62224046
63742176
61337801
67064094
66364987
61401393
66894653
67425911
65314998
68063928
64125301
69717280
62309081
65617622
66985569
65368481
64856521
68626891
65588617
67945671
63269818
66223148
69129821
62783040
63338402
64948553
64386123
66676815
69509879
61923295
67549006
67906168
67199953
65045064
65629803
67492778
67826751
65264643
68623804
66700611
68982599
66154047
64711951
65094009
66663088
63546340
66379955
67820721
66097466
65379912
64162346
61957491
66637136
62780045
61431718
65353491
67014770
64274809
66801632
66511029
62963430
67862499
62081431
69947350
69893619
68450176
66594700
67566048
65418607
63762773
68959118
67338971
66887694
69143551
64787193
64117367
65286010
62105342
64871135
68239621
66553375
67250203
61688557
65758098
67847038
63478965
65776470
63216637
63736992
62704397
65857576
69805395
69226608
67152010
62245898
68827163
62654453
63315730
63912853
63121704
66322138
65382291
67077792
69361532
64142388
64071059
61793014
63742366
63060168
69966604
64242157
66163816
63577458
63966182
68337350
65865818
66586387
65349009
61074284
66789477
61891759
63220832
64439159
61466235
68013242
67602534
69759393
63600383
61318890
65627856
65008237
69122266
65119457
69309917
64671223
69078329
66859341
63468450
67088468
63208392
66993750
63750287
66065478
61467245
68064790
64090435
63354659
68609046
64149135
64308118
62385807
66349665
66520186
61800724
63658626
65654895
65336588
61507746
62484291
64822040
67070093
62622110
61125177
66898869
68230298
62014494
63593435
67861254
66182275
62722276
62671094
68493279
65782355
67409750
69976018
66815729
69144267
66470865
64209085
68003668
63576721
62055489
66382323
65283779
67578723
61405500
64383228
66257501
67899806
66432231
64899043
64921936
61685800
63312755
63762536
66334269
66585790
63135044

62509415
66306503
67281509
69334587
66348063
62059798
62631331
69608941
66676159
69002152
65028255
62361421
65777953
63332968
66682830
64080563
62524698
61651349
64062293
63052290
61722736
62190651
69070930
68367516
61932962
69387990
64482372
66485113
62985241
66547695
67457554
62632411
66508072
63641997
69520900
68980722
68806375
63327796
66390280
65950388
65738990
67865145
66357701
68481689
63168342
67011016
64657644
68608150
61927188
69736083
66944435
61691727
68888179
63628117
64714837
62601701
63916885
68675190
63817107
67617530
62186265
65611347
63271974
66009626
65469645
64647253
64462516
67164891
68358505
67629154
68371514
62527170
68697704
61562987
67359240
67500262
62809064
64389415
66331107
68280203
65144753
63214834
67266437
61957964
69172734
67698285
67817976
68832649
69427816
68030493
67576155
65332563
67642365
64466259
68121022
64774225
64673919
61873044
66368785
66565300
61418129
63085769
63489041
64751786
61314056
68703916
67313035
67275432
62758459
67928872
63488155
63145258
68692157
68102431
65849312
69602462
67931317
64503547
63606652
63337218
61037613
61810921
65077614
62306049
68828046
66715556
61938019
68478276
62879118
64691120
61248440
63995873
65981815
68354494
61328821
64861617
69119080
65957772
62372060
66696233
65055409
69398171
69616836
62714544
67274078
67067870
62631701
62315967
64656860
65750259
65618926
65746273
61781179
63956583
68899319
61000883
68315751
61529783
62000800
62165940
66228198
68135836
66365694
61265719
68997560
64878501
61927198
66509679
64103723
62972121
61447894
62281297
61122492
61217085
68626446
69686436
66350002
61679621
68701919
61153585