66589123
66010197
69143213
63712330
63240208
67220633
68368956
64932521
65301605
65653474
64426561
68980583
62661401
64905326
63633397
68088953
67411347
66192466
62687230
61522154
65697821
69328973
62606711
61604908
67048167
65739768
68073737
68448658
69199960
65570964
67716141
67994256
69540785
66017216
68502311
61809979
63149183
65895014
67435344
64236791
63665238
66762574
64364442
68513256
65182292
63058656
64165408
69219555
68418141
67427973
61261869
63406952
67497073
62302332
67573841
63785430
69462884
67461358
64549028
66515968
62002155
68519495
63884612
63583887
69145901
62778380
69110681
66285623
61585979
62590508
69877642
69826749
66178414
68910223
64547407
62917887
63325006
62510696
68599880
63364512
66091943
61507141
65225898
61155759
61769371
69544355
64229697
67143054
61535807
67560813
61628110
64362838
62353753
66041583
69399337
63723131
69147152
69567032
62188481
68582949
68075431
69742725
61140692
61205493
61211650
65436540
68331352
69881045
61665894
61771788
63172146
61672224
61559596
61713076
66784564
65793817
63197699
62207170
65005291
63114683
69642983
69639506
66836052
64745043
65806940
68755099
66715640
68048691
64492089
64441003
64262473
62734437
62180022
65109154
64201913
62495765
66282972
67571698
62208544
65339431
67799528
67557468
63451875
62655457
65751496
67515641
68165990
65017011
62655108
67522548
64712685
61754542
62415476
68402090
63430346
63643312
69359257
68963721
64283225
67726367
66928999
61119297
65222307
65639159
61400809
65121129
67456267
65139360
64911477
68364450
64169039
68216627
65239521
61483497
61631466
61495890
66415917
61365121
69502705
62658306
62194537
67031874
69501240
63043263
62704753
68033370
67955880
61133244
69926591
61395603
68600117
68133128
65124595
63288786
66353891
68314050
62230564
66614609
69521895
62926356
69732158
65516015
63451133
65192474
63591048
66712497
61553069
62149750
63912261
66019281
66134161
62984831
69371536
61696314
62666031
61275867
68535341
61301729
67257626
69368469
64902509
63367594
65954713
65771982
69789897
65769618
61049083
67911580
63550388
64454145
63404538
64936224
68409714
68001698
65834386
66706108
62890809
64989824
66435792
61388193
66549578
69614686
65218022
62187377
67351894
63491852
67198811
64163476
65730447
62477814
69632137
61150878
61706111
69408708
63623741
63648943
63783183
64220181
61803252
63630459
62646807
68075887
68640943
68747976
66846613
61542805
68858092
63685198
63192763
61523217
69603802
67921837
61656286
66465251
61694950
68036643
61479517
68225043
61838111
64493958
64055516
64853031
63141610
67010732
67417919
64559884
61533117
68222221
61183472
67654078
64030480
67448742
69553049
61110220
63778850
65455351
64066820
65313410
69245557
67151156
68800696
67694108
66859941
68311486
68924772
68572421
68092432
66765117
68611826
67074377
65218706
67417962
68943998
65279413
68876221
64807479
61656528
67256066
67342196
66589886
62916164
61390024
67446239
61948943
67605986
64629513
68321797
67356837
68760270
63936488
68978157
66977077
65084943
66107746
66386725
62379606
69120167
66068116
67334437
63934836
62486783
66225618
62021199
68263541
66666568
68665999
68295395
63851147
63566451
64192959
68007415
63726884
69115161
66947051
69653579
68797912
63826843
68858225
66045541
65451193
63260752
67168115
65457448
66319418
65024800
61812788
69239175
66814845
64512995
66259950
66506790
68467965
63452813
65446640
69479190
66184650
63463599
66794132
68213990
62448107
63582012
67420853
63291258
62600307
68781772
66816438
63470023
66704191
69919046
68624443
62014135
69555049
68216679
66608359
69621600
68644856
67719332
69778609
65255890
63412152
67867090
68651766
69150683
61019276
69954770
64574957
62537301
68798773
64968920
64503425
64718183
62424485
69127299
61650515
64396103
65774048
68596025
64807027
65780514
63214080
67333162
67808228
61995609
62564972
61452659
66994019
66134366
64006149
65119311
66056026
67069417
69233759
68135965
61147564
64815650
66539539
67614818
64120309
61212799
69271010
67725227
66519653
68785811
67134609
62854145
65917347
61905053
68653580
66535622
65237031
68368925
67441592
61657437
63098877
66613896
63482787
65567849
69196710
66451437
65449016
67680512
68009960
69126161
63992620
62333086
68894075
63784323
62445965
66897570
65311997
65914732
66850591
66797227
64836241
62378621
61554247
69651622
67644700
65227748
64439568
68866973
66262846
68669312
66093057
62253655
68078349
68199841
67650968
69976242
67245733
61772468
61413997
66364188
69201874
68696019
67152772
65975086
69214290
61124430
69211280
65712403
68546473
62218571
67909312
67684652
63549676
62955027
68881211
62022372
68911152
61724528
67281385
68479543
61344012
61803024
69982060
66844924
69427672
64725976
69258308
62492031
69867750
65771659
62766274
66832048
66512424
66741352
64256191
69289486
63824870
64155498
66607938
62335465
68063917
63372595
67472070
69130210
68311685
66088783
61695900
61755387
69477408
61002134
62717635
67333804
69384131
68349436
61489724
62027681
65746343
65875866
68264904
69558235
68907945
66654549
67567850
66812171
64906676
69778858
66105926
62166816
67601965
61482129
69201154
66645330
65910087
67165911
66527273
69751581
62371164
65039065
63816068
65984274
67665542
64347056
62875795
68261528
65030125
67569450
61253467
68178777
65735977
69338547
62068835
66698470
65496260
62379015
62588772
66035074
63126422
63025783
64896003
64479979
69030968
63157410
65264210
65447991
65680876
62263439
63876667
69189712
68699444
66685258
67932018
69542531
62102463
65060659
62855626
64924597
69590069
61171032
67418195
64854467
69405562
68848783
64079816
61655159
68607224
63067477
69060751
66597683
64178323
66161682
69198983
66920546
67168287
63643332
62710602
66685554
63615707
64398396
63572834
68474784
62393973
67719301
63152271
61617939
64975329
62364545
66865902
62963366
65376670
67620672
63104499
68203438
68840564
62415731
66655389
63593458
61432778
68504088
64629746
68915645
65901650
62779389
68565283
65801742
69349454
61029226
66728641
67174161
69834498
66982605
68480408
64539251
69888824
62498235
62165367
63123647
61694071
68834570
68645791
63201308
67058728
69449199
61463198
68356576
65213253
66787585
64915246
62606847
63370176
68322642
64518964
61602562
65349325
64472390
64073446
61990363
68904233
63919546
67062924
69665129
66615305
64969838
66779552
65334623
69681769
63685274
64103555
68413769
63724969
62447998
68559858
66930592
63877924
66831524
62126261
62217026
62949370
68272119
62763551
67878652
66264008
65646054
64851764
67820444
65945984
64375150
62706803
61969935
61155882
65525576
64298114
69023710
62929468
64976408
69902572
66138340
63418988
65534143
64844219
64847486
62623030
64296047
68528381
68914562
63067444
69966407
61182742
62613044
66285947
66805229
68444513
62355100
63727966
68134255
69243832
67362390
61204379
65196696
65924422
67417023
67551397
64357425
66373549
69846349
62559922
67848017
68595150
61867939
66092362
68895302
61983936
66203056
66916131
69921076
64511010
69832420
64721531
68796547
69160315
62754577
65294476
61724674
68805712
65212742
61594808
69234269
69365737
63767060
65837079
68122423
61026238
61410497
62144689
64842850
67849941
62025242
66200023
66034044
64342531
68903812
64354832
66516084
63575408
69002439
62971283
67760577
65079705
66745291
67378119
66529399
67185571
67372480
69304560
67391331
63653312
67584431
64433225
69728714
63383662
65421121
65856017
67352466
61352773
66160118
64685900
62958954
69244160
64257066
62737959
62195813
66943542
62399416
62880761
67385401
69859285
69619369
64988220
65651025
61069593
63071886
63500661
65626965
64362276
61293543
69532429
61491507
61269601
66852739
64019055
67414787
66044664
68593643
64005992
65373878
65055812
67831078
62476607
69301296
62342075
61939119
62084196
67350477
64321551
64504161
67441358
61218948
67953105
63518907
63057260
65034683
65338551
64669548
65323806
62654042
63565685
67540387
65023789
68094081
65685948
61426791
68021461
64717488
69338995
68433154
63887822
66239440
69586865
61528215
67229129
64834070
67743782
68660380
67203201
63255305
62289900
67794046
62061994
69851731
68286283
64774668
62056592
68731476
61577356
62884365
63353593
62576001
65576296
63844839
66990843
64668647
68782241
67592106
63974227
61245225
65728723
63434616
65034002
67428774
61425785
63417844
66031576
63876755
65230228
63387369
62821739
69501815
68518710
61448216
64537760
63753449
65713334
66051800
67354160
65358696
62793715
61559325
62770386
68433164
61157675
68221687
67876550
63583395
64817425
67888199
69118496
69636447
62609892
65710578
63575337
68571374
65807171
69277399
61550700
68468530
65609685
68076080
64252184
62236887
64037883
62509177
62978470
63143016
61406452
63892158
63683987
65754754
65109767
63016573
68857077
63925947
64212063
69324888
63073981
62667654
65000774
64971484
64791175
63129919
65351494
64470523
69241864
68456638
63576024
66929929
66741970
65899865
61857905
65402984
67587526
64577242
64545465
69164412
62638708
62764264
66034144
67052275
68982712
68627640
65982127
63991839
65413447
62678131
64116459
69203239
64151755
63292286
62329210
66033862
63751030
69958122
64032916
64061184
62519312
64574365
67246395
69225537
66457909
67931195
67984785
61278354
69914917
68833761
65027339
65212046
62665751
66563545
62180566
67714296
62313555
61201319
68854867
61219793
61330526
64887145
65285423
69451852
67736141
66444469
63153238
69541851
65826685
69517658
65730127
69707131
68520616
65603632
69335308
62688260
63974414
67981145
61740907
63460180
65718611
61240529
69561166
62690840
65887777
62395104
68440453
67661587
62010687
64336554
68088646
61011829
62600222
69322899
65425973
61818178
61687730
68016435
61841087
65636749
61915775
67346769
68134089
66317300
67273577
69490772
65678670
66425284
67495577
69620022
67531264
63066136
62496907
68467892
69789848
69066860
61136494
61061853
61421987
67415361
66033009
63057788
66408735
67990572
64231257
65825863
68048795
68981517
67974572
62883698
61554051
68470045
67364189
68961130
64911053
65481743
63282625
61655741
66022605
62595673
66256908
61016386
65313537
63851407
66447313
61052530
66685665
67691910
67054475
61836032
63029532
61909590
63857307
64003518
61211646
68133777
63020730
69774259
67148066
69622377
68360772
69596744
68197484
68096292
63941696
66217488
65250101
61283387
68692412
66987323
68886098
65372614
63271263
68241096
67772541
63014710
67538383
61179752
68900109
69987827
67208371
67813034
63332395
69565882
62383328
69928866
61674305
62176255
69448356
63364898
67280826
63354213
66991063
69555077
61810011
67732979
65748221
69476856
63642436
69105424
65595944
65295190
64335772
69215819
65888798
61005027
66960327
66988834
65893207
68842564
66086816
64721602
62121558
68915653
63241197
68789758
67055368
64107392
69556395
64175270
64903931