60004002
60004003
60004004
60004005
60004006
60004007
60004008
60004009
60004010
60004011
60004012
60004013
60004014
60004015
60004016
60004017
60004018
60004019
60004020
60004021
60004022
60004023
60004024
60004025
60004026
60004027
60004028
60004029
60004030
60004031
60004032
60004033
60004034
60004035
60004036
60004037
60004038
60004039
60004040
60004041
60004042
60004043
60004044
60004045
60004046
60004047
60004048
60004049
60004050
60004051
60004052
60004053
60004054
60004055
60004056
60004057
60004058
60004059
60004060
60004061
60004062
60004063
60004064
60004065
60004066
60004067
60004068
60004069
60004070
60004071
60004072
60004073
60004074
60004075
60004076
60004077
60004078
60004079
60004080
60004081
60004082
60004083
60004084
60004085
60004086
60004087
60004088
60004089
60004090
60004091
60004092
60004093
60004094
60004095
60004096
60004097
60004098
60004099
60004100
60004101
60004102
60004103
60004104
60004105
60004106
60004107
60004108
60004109
60004110
60004111
60004112
60004113
60004114
60004115
60004116
60004117
60004118
60004119
60004120
60004121
60004122
60004123
60004124
60004125
60004126
60004127
60004128
60004129
60004130
60004131
60004132
60004133
60004134
60004135
60004136
60004137
60004138
60004139
60004140
60004141
60004142
60004143
60004144
60004145
60004146
60004147
60004148
60004149
60004150
60004151
60004152
60004153
60004154
60004155
60004156
60004157
60004158
60004159
60004160
60004161
60004162
60004163
60004164
60004165
60004166
60004167
60004168
60004169
60004170
60004171
60004172
60004173
60004174
60004175
60004176
60004177
60004178
60004179
60004180
60004181
60004182
60004183
60004184
60004185
60004186
60004187
60004188
60004189
60004190
60004191
60004192
60004193
60004194
60004195
60004196
60004197
60004198
60004199
60004200
60004201
60004202
60004203
60004204
60004205
60004206
60004207
60004208
60004209
60004210
60004211
60004212
60004213
60004214
60004215
60004216
60004217
60004218
60004219
60004220
60004221
60004222
60004223
60004224
60004225
60004226
60004227
60004228
60004229
60004230
60004231
60004232
60004233
60004234
60004235
60004236
60004237
60004238
60004239
60004240
60004241
60004242
60004243
60004244
60004245
60004246
60004247
60004248
60004249
60004250
60004251
60004252
60004253
60004254
60004255
60004256
60004257
60004258
60004259
60004260
60004261
60004262
60004263
60004264
60004265
60004266
60004267
60004268
60004269
60004270
60004271
60004272
60004273
60004274
60004275
60004276
60004277
60004278
60004279
60004280
60004281
60004282
60004283
60004284
60004285
60004286
60004287
60004288
60004289
60004290
60004291
60004292
60004293
60004294
60004295
60004296
60004297
60004298
60004299
60004300
60004301
60004302
60004303
60004304
60004305
60004306
60004307
60004308
60004309
60004310
60004311
60004312
60004313
60004314
60004315
60004316
60004317
60004318
60004319
60004320
60004321
60004322
60004323
60004324
60004325
60004326
60004327
60004328
60004329
60004330
60004331
60004332
60004333
60004334
60004335
60004336
60004337
60004338
60004339
60004340
60004341
60004342
60004343
60004344
60004345
60004346
60004347
60004348
60004349
60004350
60004351
60004352
60004353
60004354
60004355
60004356
60004357
60004358
60004359
60004360
60004361
60004362
60004363
60004364
60004365
60004366
60004367
60004368
60004369
60004370
60004371
60004372
60004373
60004374
60004375
60004376
60004377
60004378
60004379
60004380
60004381
60004382
60004383
60004384
60004385
60004386
60004387
60004388
60004389
60004390
60004391
60004392
60004393
60004394
60004395
60004396
60004397
60004398
60004399
60004400
60004401
60004402
60004403
60004404
60004405
60004406
60004407
60004408
60004409
60004410
60004411
60004412
60004413
60004414
60004415
60004416
60004417
60004418
60004419
60004420
60004421
60004422
60004423
60004424
60004425
60004426
60004427
60004428
60004429
60004430
60004431
60004432
60004433
60004434
60004435
60004436
60004437
60004438
60004439
60004440
60004441
60004442
60004443
60004444
60004445
60004446
60004447
60004448
60004449
60004450
60004451
60004452
60004453
60004454
60004455
60004456
60004457
60004458
60004459
60004460
60004461
60004462
60004463
60004464
60004465
60004466
60004467
60004468
60004469
60004470
60004471
60004472
60004473
60004474
60004475
60004476
60004477
60004478
60004479
60004480
60004481
60004482
60004483
60004484
60004485
60004486
60004487
60004488
60004489
60004490
60004491
60004492
60004493
60004494
60004495
60004496
60004497
60004498
60004499
60004500
60004501
60004502
60004503
60004504
60004505
60004506
60004507
60004508
60004509
60004510
60004511
60004512
60004513
60004514
60004515
60004516
60004517
60004518
60004519
60004520
60004521
60004522
60004523
60004524
60004525
60004526
60004527
60004528
60004529
60004530
60004531
60004532
60004533
60004534
60004535
60004536
60004537
60004538
60004539
60004540
60004541
60004542
60004543
60004544
60004545
60004546
60004547
60004548
60004549
60004550
60004551
60004552
60004553
60004554
60004555
60004556
60004557
60004558
60004559
60004560
60004561
60004562
60004563
60004564
60004565
60004566
60004567
60004568
60004569
60004570
60004571
60004572
60004573
60004574
60004575
60004576
60004577
60004578
60004579
60004580
60004581
60004582
60004583
60004584
60004585
60004586
60004587
60004588
60004589
60004590
60004591
60004592
60004593
60004594
60004595
60004596
60004597
60004598
60004599
60004600
60004601
60004602
60004603
60004604
60004605
60004606
60004607
60004608
60004609
60004610
60004611
60004612
60004613
60004614
60004615
60004616
60004617
60004618
60004619
60004620
60004621
60004622
60004623
60004624
60004625
60004626
60004627
60004628
60004629
60004630
60004631
60004632
60004633
60004634
60004635
60004636
60004637
60004638
60004639
60004640
60004641
60004642
60004643
60004644
60004645
60004646
60004647
60004648
60004649
60004650
60004651
60004652
60004653
60004654
60004655
60004656
60004657
60004658
60004659
60004660
60004661
60004662
60004663
60004664
60004665
60004666
60004667
60004668
60004669
60004670
60004671
60004672
60004673
60004674
60004675
60004676
60004677
60004678
60004679
60004680
60004681
60004682
60004683
60004684
60004685
60004686
60004687
60004688
60004689
60004690
60004691
60004692
60004693
60004694
60004695
60004696
60004697
60004698
60004699
60004700
60004701
60004702
60004703
60004704
60004705
60004706
60004707
60004708
60004709
60004710
60004711
60004712
60004713
60004714
60004715
60004716
60004717
60004718
60004719
60004720
60004721
60004722
60004723
60004724
60004725
60004726
60004727
60004728
60004729
60004730
60004731
60004732
60004733
60004734
60004735
60004736
60004737
60004738
60004739
60004740
60004741
60004742
60004743
60004744
60004745
60004746
60004747
60004748
60004749
60004750
60004751
60004752
60004753
60004754
60004755
60004756
60004757
60004758
60004759
60004760
60004761
60004762
60004763
60004764
60004765
60004766
60004767
60004768
60004769
60004770
60004771
60004772
60004773
60004774
60004775
60004776
60004777
60004778
60004779
60004780
60004781
60004782
60004783
60004784
60004785
60004786
60004787
60004788
60004789
60004790
60004791
60004792
60004793
60004794
60004795
60004796
60004797
60004798
60004799
60004800
60004801
60004802
60004803
60004804
60004805
60004806
60004807
60004808
60004809
60004810
60004811
60004812
60004813
60004814
60004815
60004816
60004817
60004818
60004819
60004820
60004821
60004822
60004823
60004824
60004825
60004826
60004827
60004828
60004829
60004830
60004831
60004832
60004833
60004834
60004835
60004836
60004837
60004838
60004839
60004840
60004841
60004842
60004843
60004844
60004845
60004846
60004847
60004848
60004849
60004850
60004851
60004852
60004853
60004854
60004855
60004856
60004857
60004858
60004859
60004860
60004861
60004862
60004863
60004864
60004865
60004866
60004867
60004868
60004869
60004870
60004871
60004872
60004873
60004874
60004875
60004876
60004877
60004878
60004879
60004880
60004881
60004882
60004883
60004884
60004885
60004886
60004887
60004888
60004889
60004890
60004891
60004892
60004893
60004894
60004895
60004896
60004897
60004898
60004899
60004900
60004901
60004902
60004903
60004904
60004905
60004906
60004907
60004908
60004909
60004910
60004911
60004912
60004913
60004914
60004915
60004916
60004917
60004918
60004919
60004920
60004921
60004922
60004923
60004924
60004925
60004926
60004927
60004928
60004929
60004930
60004931
60004932
60004933
60004934
60004935
60004936
60004937
60004938
60004939
60004940
60004941
60004942
60004943
60004944
60004945
60004946
60004947
60004948
60004949
60004950
60004951
60004952
60004953
60004954
60004955
60004956
60004957
60004958
60004959
60004960
60004961
60004962
60004963
60004964
60004965
60004966
60004967
60004968
60004969
60004970
60004971
60004972
60004973
60004974
60004975
60004976
60004977
60004978
60004979
60004980
60004981
60004982
60004983
60004984
60004985
60004986
60004987
60004988
60004989
60004990
60004991
60004992
60004993
60004994
60004995
60004996
60004997
60004998
60004999
60005000
60005001