64792951
69398685
64749131
64964454
61040787
64648799
66782419
67210246
67919065
66697745
62470991
61294848
61717988
67963368
66257080
69593355
61177676
64764087
67171255
67567223
61777317
68456053
67049661
68792480
67845411
62865964
63796936
65588077
66720371
64572337
66258299
63027483
63157734
61362785
65520112
66541032
69146032
63857167
69663385
61164420
67139873
66825199
65191199
64451734
64964723
63889021
62189766
66658999
62708076
63676490
64951793
63525619
64214607
69293519
68032434
61386789
62488325
65109118
68625266
67591095
66584925
63813012
66396622
62122192
66493796
65332889
64016205
64543416
64241296
61108806
63294876
66446039
67707585
61462727
69116011
68922841
68533940
63475628
62207866
63035262
68396504
68147253
65226660
68643523
65527606
69741688
69247926
62605685
66742887
63288364
61122235
61559835
63947060
63586738
67633285
62856590
62990152
67442500
62694514
65684770
64838354
65044603
61614187
61041794
68718700
63215973
64541365
67497111
66811273
62643352
65705850
69474348
64503786
64912815
63002872
63420421
65024045
69927508
64115313
62995307
63299461
61674950
67987090
64329252
68255911
68242922
69472547
61657763
64634120
69174634
65168165
63478220
69060080
64830443
63375032
65009408
62037032
62515320
63856420
63822486
61817177
65074092
68782679
64266058
61302435
69053792
65035748
64662810
64937742
66271223
65319005
62987268
65964990
65380160
69347161
69933742
69268055
61454064
69739691
61467534
67160815
65512727
62053340
65292393
67668791
63303857
61844247
68343834
68793715
65630648
61926641
68305216
69572225
68245431
63479403
69354043
68234294
61836783
64042308
65278717
66692792
63698897
62873701
64346277
64766727
68808293
64541315
65888066
65872790
63425457
62846464
67992413
66646270
69368393
64958372
61399678
62229685
68188205
65141308
64770803
61511408
64601404
69692606
68166264
63622969
63917591
63371222
65550192
69739201
68706072
68565696
65348739
63204326
63898769
65071426
66253670
61248669
69635558
69344546
65506673
68393545
67436949
69334270
69782262
66905728
63771046
67594085
65266808
61656729
67144047
65835151
61310991
63252793
66025097
67748374
64564855
68956037
66906689
63988947
67363779
65177285
65366101
68254610
62569783
67798487
64639497
62111548
68717460
64897039
65961681
65274330
67787334
61528342
62520675
61382974
64411965
69019280
67331631
68410977
66185232
67615245
68843104
64775219
63091135
62303123
61317672
67579353
69807822
62799030
62624985
61212953
67742265
64815018
66506126
63975311
68435460
62516089
69317350
64839129
64963566
69461302
62719708
63386247
65148351
63856029
67367283
62810288
63301217
69183445
68851302
61498702
63749313
64565328
68306100
64475148
64546712
67550907
69977106
67793951
65122431
61898796
64718963
66599263
69334392
65827524
67941465
65472458
68341019
63757441
67442244
68916787
61169040
67255377
66404848
65271606
65699310
63016995
68879487
66438455
64398967
66399574
67592208
63031212
69909819
62580347
63021244
68341021
66964829
63336433
69645729
63896958
63778441
64763314
64530212
69871808
62467750
69269613
67143415
64993186
67089480
64405299
67070669
62301009
67342720
66405176
62245482
62333489
65216087
66681853
66298573
66675480
62825044
66826282
67245919
66021694
67393002
63446124
62173314
67499169
68384576
65504484
63206480
64653982
62934778
66168868
66889497
65999675
67789442
67683000
63645426
68370762
63131689
64502100
65564020
62821039
64905616
63578655
64163498
64534665
67568473
64331628
62547883
63172512
62157262
64372688
63560208
64841118
63560337
68996902
69344489
62072954
68143465
61362203
61884248
67405240
64600403
62910693
61068173
65485612
64938719
66028125
61601751
63190825
68212464
62286445
63005669
61807060
67011010
62456098
66066132
66347981
69598207
65814822
63341880
61891817
69158734
64779527
66789187
63922574
68158081
62558605
67568420
61312885
64534929
62474689
61630323
69267597
66081345
69894912
65382854
65703826
67706672
64302075
66453708
68497511
62433669
64775541
63421782
63581520
66857411
66557773
62878882
67716265
69907791
66383454
68397907
68832236
61570635
69600439
69358961
61636134
68154067
69794720
69500103
67532561
67432452
63845249
68915707
67271562
68172693
64114145
64742298
62675180
65080693
62337278
69373570
65232284
67385088
68103487
67403247
63242705
68726385
64147034
66649471
66465591
64073614
61392765
62526118
63128847
64343565
61046465
66439537
61244773
69305756
69709816
63984311
61544703
68040478
69352788
65110334
68512114
65398115
65999861
61972826
63531045
62594833
68033528
67856262
61858996
66626563