69123919
63109696
61319443
66939539
66011709
66432198
66259253
64548538
69618752
62260355
65309693
68188612
62735312
64052563
62328908
63593857
64430496
67517969
69317406
68432819
66033286
65194107
64190754
62177542
65726737
61631244
63312525
61371787
67258342
63172658
67842816
69040078
61470068
66023254
61015556
65116591
68321091
67341381
68053344
65321352
61956822
63816512
64772453
68317187
67612650
69618046
66256360
66728780
65216172
66513904
66208107
61280572
69941194
66041044
66140879
61774621
66314993
61367050
67779434
62118242
69174083
69847552
69394414
62156873
68328367
68842316
68301274
68065674
66744843
66237008
64469116
68983424
61602763
69871557
68034712
63774283
62726088
62639239
69198167
65731090
61466891
62063010
63696296
67010634
63235404
62326862
69259272
66488631
69660761
68244234
67349988
64904269
64640353
61196580
69339621
61365056
69501077
68574677
61556752
62638513
67832954
69496678
64275662
66954263
62345499
61631897
66217016
67771565
62079674
63695890
63895815
61225808
65489014
65594266
64385798
68837924
61198155
68310980
64319913
67410241
69463743
64360900
63578305
65538129
69100610
65077276
62294968
65393318
64103571
62829749
67220363
68708122
69002275
61892335
62284347
67987601
66344715
66428850
63480966
63581001
69201000
64578002
62961362
67279950
68958904
63554303
69777373
63597786
68281529
62101837
62792699
61313966
61437940
67060436
67709796
65500482
67299715
67406766
68049805
65326011
63796417
63187977
69142741
62353439
69275885
66990147
62544715
69206000
64046930
65901562
65907875
67667524
69480530
62468667
68761007
64539044
64674994
65131215
62512785
61242006
68939931
62857256
64536268
63467303
67329695
68339926
68770911
65445160
61081742
65781777
63708507
61400175
66047844
61201238
62016045
68349301
67675399
61440624
62269816
68794865
62276793
61837081
63142243
68299147
63196070
62066736
63401746
63288079
66998303
66010220
63932562
67970325
64566080
62819628
62318877
64435408
67749287
63643376
61554732
63115517
65023447
68655380
65649166
65874784
64432778
69661818
65244526
67973303
66043093
64646504
61407427
69957641
63354402
68048245
64543542
66659938
64346017
65992184
66258779
61642654
62751973
67056899
67936616
65807107
64823134
61341680
67535523
63387276
63900340
63799062
61599285
66010873
64774320
63940488
62870025
69724658
64887615
61618498
61811760
65803941
65879217
69865457
66444944
63304667
63688256
66789168
65562731
68232845
63803098
69370151
65756476
69295123
65876367
62468324
66339228
62323023
63417887
64633186
64441215
68208117
63041585
61417014
66797327
66941367
69823194
65273550
65406328
65223762
64482295
66970824
63964352
69482329
65245073
62611011
61053018
67450476
62256913
69119893
63848230
64509800
64522758
62690454
69198825
65438607
65994274
64463498
64785200
62707402
66869373
62483464
67971011
67392424
63181746
67426205
65455404
64151757
69852135
67724683
62014962
65220611
61566251
64043482
62629937
64381726
69069298
65421702
64799133
66268233
68326444
63010856
64630446
62760011
62004826
63533543
62647986
69029026
66438264
67565691
67823392
66567513
66812610
63933000
63803343
67592623
62895673
64911637
65766094
61008702
66156344
68790709
61296400
61018570
69892244
64802867
68531680
64608329
62359597
65956033
66742563
66292729
63152137
65164357
66876015
64689153
67715305
69836692
61299599
64746370
67439525
67907482
68919619
61315495
69057140
65442157
68820187
64437942
61939253
68890557
63775359
69847630
66059573
68502370
69539585
66551017
61797979
62950316
65974311
69996814
68537342
69831156
66173858
68329854
62871399
64928381
69800122
66137423
64460334
62218869
66888535
69979031
62228387
67404112
65195160
62234151
62839899
61090032
65334407
65126870
65640298
62852565
63831263
61300116
62629783
61291518
69288873
66204832
63199898
67719960
61009871
61127562
61019420
69863528
68637481
62559635
64045650
68718199
62402189
64168512
61537301
62550291
64730581
61343435
61364068
64325539
67017507
63223710
64670696
62390756
67077638
66585958
67362592
67000203
64322474
62796755
64628747
64685951
62102170
65289807
63092783
62840178
63068448
66147219
67151129
69047324
61488368
64352056
69937440
66615743
61520976
68119691
62759545
63509051
66835029
65327955
66414206
68038103
62232023
65221800
61723299
62611919
68902407
69062628
66316236
63099762
64090870
61986936
63025096
68712132
62294847
67787937
61208221
66191709
69011363
69823398
64682635
61946329
67399294
62424890
65687329
69552744
64744106
64628616
65035668
65629328
66380836
64039569
68243306
68029304
69644789
66989333
69288020
66912466
67944620
69402845
62862010
62410150
69495270
63375320
68379515
69861455
61421914
61349411
63132304
65919892
66231417
66104517
69844888
62206752
61354342
61421459
69565188
68822469
67870376
63591398
69202438
61010244
66353878
68289575
68738371
61263276
66118692
69489226
68384779
63753090
62305577
61955473
66006159
69931225
61975732
69126427
65975477
69802524
69496327
69815539
62301567
63204487
66446609
63383841
63389692
63570510
69311480
65566035
64303926
68194175
68019884
65457830
66457273
65324718
63352455
64188299
65219072
62074283
68086500
65497071
69595055
65171462
62593565
64224176
65234759
61177152
68738954
66250005
69895339
61149829
65714981
66901817
69730915
61599736
62434224
68293608
64164390
69935817
63202569
61655449
65578346
69691972
66467584
68513528
66516701
68610718
63001486
62165736
63488636
69549817
67862281
65952142
61308497
66784628
69047954
69948395
68272678
67943602
65582345
61103187
65120489
63330728
64226441
68854377
66261938
61637938
66247621
65150892
62478041
69067186
68375598
65152297
68655949
61388540
68553031
65337341
69205633
69795497
62164535
69147153
67054070
61550693
66375173
68857811
66637106
68379210
66940579
61660982
65627408
68834824
62541251
66853960
61840235
64178960
65299333
69431243
63111205
64655096
65683523
66339592
61437906
66333335
67250311
62975015
68043840
66058158
64982005
61331976
68561577
67827010
66837050
65214315
67240192
67434634
62382320
64244345
67493030
69198713
66571998
66621061
62983570
64200929
64591340
62787816
68043842
66013829
66873081
63829149
69097557
66036989
64038011
63300105
68859015
65274384
63672549
69046851
63574666
62621694
66780686
69318924
64024337
68705422
65560898
64010692
62798355
65138333
68329016
66367409
68937257
62619045
62537239
67265925
63913677
62277912
63297131
64518893
65929589
66218887
64758888
65148944
68277261
62393611
66725716
63794309
68402815
67272780
66079251
65051961
63426327
68687293
66926709
62044927
65430504
63346788
66493395
65746636
66783009
61376935
64901269
68171700
68584600
63244140
68983188
63656781
63625975
67132974
64550262
62408985
65441716
68170159
62251506
65705769
61057045
61543242
69253949
67262400
64159423
62502401
66802643
64552127
66503258
68981304
68863003
69034287
65146064
65239832
61121244
64432086
66028305
65136605
63690272
63120805
61905546
68992308
68782389
67136809
64229538
65339168
66508404
66397262
61577904
67052040
61582696
61877439
65459456
61893257
67413049
64999424
67637269
66026786
66536168
61705307
68281710
62858249
69417932
65444584
68892607
61694986
62980751
66086306
67586469
65589936
69993627
63318114
63581093
64050556
61508497
68882969
69800340
63580322
68996731
69214109
69521531
67364644
62481520
68942491
69430515
64067508
64121788
67055040
64730524
65820144
64861461
64029229
65444334
63880074
64634458
62330405
63003280
65658273
62146000
63552790
68133192
61000659
63005922
67957862
67161296
61975469
67481122
65684559
61614249
66366522
61658818
68404698
66391978
67146899
67663736
68114496
66319989
67051909
65170855
65062360
67787779
63354910
61042528
67194358
66604104
65905486
61257810
69925022
67373157
64187769
66771612
69833822
69417420
61417515
61895504
65920428
61517705
63952186
66314808
62217011
63707426
69181837
61432683
69615027
66178781
62842734
65105061
65041996
68562289
68110758
69939387
68141077
62306525
62017325
62239808
69540247
69356835
67912472
67828944
67595359
61330295
65958119
62114650
68957840
65459626
69134733
61099786
65856106
68369074
69027645
69107769
64556117
67289978
68254123
68996090
68126647
65287576
64761743
64084882
66079167
69788183
63943522
62489712
62294281
65673061
69467669
68889820
63245436
65492378
61298720
66349042
63814854
62510134
67038846
61296182
64139525
67331915
69972335
65882677
68680415
62588543
65336569
62171872
66658161
68081565
61152719
65382250
65067227
61544171
62487401
64224089
61924719
62709975
69377633
63163672
68148391
66206133
65230580
61066967
64042257
67845624
62579140
67162550
69120259
67752442
68547075
66234588
62532536
61368851
65537217
68968219
67284740
66170571
62552358
63404062
64386071
68789592
63477561
62611580
63658864
63205481
61340554
61677736
66384634
63783262
64579111
64607461
66925833
63379172
66015571
64072808
66032921
65366854
67814544
61108303
66342457
62679349
61753854
68556104
64403673
68060341
64090848
68846636
62445835
68494874
67009044
66863049
64430085
61552448
68208338
62718038
63974535
61233808
66754473
61866879
61129279
68140931
61595023
64236809
68213377
69502266
64299367
67264387
67595219