60003002
60003003
60003004
60003005
60003006
60003007
60003008
60003009
60003010
60003011
60003012
60003013
60003014
60003015
60003016
60003017
60003018
60003019
60003020
60003021
60003022
60003023
60003024
60003025
60003026
60003027
60003028
60003029
60003030
60003031
60003032
60003033
60003034
60003035
60003036
60003037
60003038
60003039
60003040
60003041
60003042
60003043
60003044
60003045
60003046
60003047
60003048
60003049
60003050
60003051
60003052
60003053
60003054
60003055
60003056
60003057
60003058
60003059
60003060
60003061
60003062
60003063
60003064
60003065
60003066
60003067
60003068
60003069
60003070
60003071
60003072
60003073
60003074
60003075
60003076
60003077
60003078
60003079
60003080
60003081
60003082
60003083
60003084
60003085
60003086
60003087
60003088
60003089
60003090
60003091
60003092
60003093
60003094
60003095
60003096
60003097
60003098
60003099
60003100
60003101
60003102
60003103
60003104
60003105
60003106
60003107
60003108
60003109
60003110
60003111
60003112
60003113
60003114
60003115
60003116
60003117
60003118
60003119
60003120
60003121
60003122
60003123
60003124
60003125
60003126
60003127
60003128
60003129
60003130
60003131
60003132
60003133
60003134
60003135
60003136
60003137
60003138
60003139
60003140
60003141
60003142
60003143
60003144
60003145
60003146
60003147
60003148
60003149
60003150
60003151
60003152
60003153
60003154
60003155
60003156
60003157
60003158
60003159
60003160
60003161
60003162
60003163
60003164
60003165
60003166
60003167
60003168
60003169
60003170
60003171
60003172
60003173
60003174
60003175
60003176
60003177
60003178
60003179
60003180
60003181
60003182
60003183
60003184
60003185
60003186
60003187
60003188
60003189
60003190
60003191
60003192
60003193
60003194
60003195
60003196
60003197
60003198
60003199
60003200
60003201
60003202
60003203
60003204
60003205
60003206
60003207
60003208
60003209
60003210
60003211
60003212
60003213
60003214
60003215
60003216
60003217
60003218
60003219
60003220
60003221
60003222
60003223
60003224
60003225
60003226
60003227
60003228
60003229
60003230
60003231
60003232
60003233
60003234
60003235
60003236
60003237
60003238
60003239
60003240
60003241
60003242
60003243
60003244
60003245
60003246
60003247
60003248
60003249
60003250
60003251
60003252
60003253
60003254
60003255
60003256
60003257
60003258
60003259
60003260
60003261
60003262
60003263
60003264
60003265
60003266
60003267
60003268
60003269
60003270
60003271
60003272
60003273
60003274
60003275
60003276
60003277
60003278
60003279
60003280
60003281
60003282
60003283
60003284
60003285
60003286
60003287
60003288
60003289
60003290
60003291
60003292
60003293
60003294
60003295
60003296
60003297
60003298
60003299
60003300
60003301
60003302
60003303
60003304
60003305
60003306
60003307
60003308
60003309
60003310
60003311
60003312
60003313
60003314
60003315
60003316
60003317
60003318
60003319
60003320
60003321
60003322
60003323
60003324
60003325
60003326
60003327
60003328
60003329
60003330
60003331
60003332
60003333
60003334
60003335
60003336
60003337
60003338
60003339
60003340
60003341
60003342
60003343
60003344
60003345
60003346
60003347
60003348
60003349
60003350
60003351
60003352
60003353
60003354
60003355
60003356
60003357
60003358
60003359
60003360
60003361
60003362
60003363
60003364
60003365
60003366
60003367
60003368
60003369
60003370
60003371
60003372
60003373
60003374
60003375
60003376
60003377
60003378
60003379
60003380
60003381
60003382
60003383
60003384
60003385
60003386
60003387
60003388
60003389
60003390
60003391
60003392
60003393
60003394
60003395
60003396
60003397
60003398
60003399
60003400
60003401
60003402
60003403
60003404
60003405
60003406
60003407
60003408
60003409
60003410
60003411
60003412
60003413
60003414
60003415
60003416
60003417
60003418
60003419
60003420
60003421
60003422
60003423
60003424
60003425
60003426
60003427
60003428
60003429
60003430
60003431
60003432
60003433
60003434
60003435
60003436
60003437
60003438
60003439
60003440
60003441
60003442
60003443
60003444
60003445
60003446
60003447
60003448
60003449
60003450
60003451
60003452
60003453
60003454
60003455
60003456
60003457
60003458
60003459
60003460
60003461
60003462
60003463
60003464
60003465
60003466
60003467
60003468
60003469
60003470
60003471
60003472
60003473
60003474
60003475
60003476
60003477
60003478
60003479
60003480
60003481
60003482
60003483
60003484
60003485
60003486
60003487
60003488
60003489
60003490
60003491
60003492
60003493
60003494
60003495
60003496
60003497
60003498
60003499
60003500
60003501
60003502
60003503
60003504
60003505
60003506
60003507
60003508
60003509
60003510
60003511
60003512
60003513
60003514
60003515
60003516
60003517
60003518
60003519
60003520
60003521
60003522
60003523
60003524
60003525
60003526
60003527
60003528
60003529
60003530
60003531
60003532
60003533
60003534
60003535
60003536
60003537
60003538
60003539
60003540
60003541
60003542
60003543
60003544
60003545
60003546
60003547
60003548
60003549
60003550
60003551
60003552
60003553
60003554
60003555
60003556
60003557
60003558
60003559
60003560
60003561
60003562
60003563
60003564
60003565
60003566
60003567
60003568
60003569
60003570
60003571
60003572
60003573
60003574
60003575
60003576
60003577
60003578
60003579
60003580
60003581
60003582
60003583
60003584
60003585
60003586
60003587
60003588
60003589
60003590
60003591
60003592
60003593
60003594
60003595
60003596
60003597
60003598
60003599
60003600
60003601
60003602
60003603
60003604
60003605
60003606
60003607
60003608
60003609
60003610
60003611
60003612
60003613
60003614
60003615
60003616
60003617
60003618
60003619
60003620
60003621
60003622
60003623
60003624
60003625
60003626
60003627
60003628
60003629
60003630
60003631
60003632
60003633
60003634
60003635
60003636
60003637
60003638
60003639
60003640
60003641
60003642
60003643
60003644
60003645
60003646
60003647
60003648
60003649
60003650
60003651
60003652
60003653
60003654
60003655
60003656
60003657
60003658
60003659
60003660
60003661
60003662
60003663
60003664
60003665
60003666
60003667
60003668
60003669
60003670
60003671
60003672
60003673
60003674
60003675
60003676
60003677
60003678
60003679
60003680
60003681
60003682
60003683
60003684
60003685
60003686
60003687
60003688
60003689
60003690
60003691
60003692
60003693
60003694
60003695
60003696
60003697
60003698
60003699
60003700
60003701
60003702
60003703
60003704
60003705
60003706
60003707
60003708
60003709
60003710
60003711
60003712
60003713
60003714
60003715
60003716
60003717
60003718
60003719
60003720
60003721
60003722
60003723
60003724
60003725
60003726
60003727
60003728
60003729
60003730
60003731
60003732
60003733
60003734
60003735
60003736
60003737
60003738
60003739
60003740
60003741
60003742
60003743
60003744
60003745
60003746
60003747
60003748
60003749
60003750
60003751
60003752
60003753
60003754
60003755
60003756
60003757
60003758
60003759
60003760
60003761
60003762
60003763
60003764
60003765
60003766
60003767
60003768
60003769
60003770
60003771
60003772
60003773
60003774
60003775
60003776
60003777
60003778
60003779
60003780
60003781
60003782
60003783
60003784
60003785
60003786
60003787
60003788
60003789
60003790
60003791
60003792
60003793
60003794
60003795
60003796
60003797
60003798
60003799
60003800
60003801
60003802
60003803
60003804
60003805
60003806
60003807
60003808
60003809
60003810
60003811
60003812
60003813
60003814
60003815
60003816
60003817
60003818
60003819
60003820
60003821
60003822
60003823
60003824
60003825
60003826
60003827
60003828
60003829
60003830
60003831
60003832
60003833
60003834
60003835
60003836
60003837
60003838
60003839
60003840
60003841
60003842
60003843
60003844
60003845
60003846
60003847
60003848
60003849
60003850
60003851
60003852
60003853
60003854
60003855
60003856
60003857
60003858
60003859
60003860
60003861
60003862
60003863
60003864
60003865
60003866
60003867
60003868
60003869
60003870
60003871
60003872
60003873
60003874
60003875
60003876
60003877
60003878
60003879
60003880
60003881
60003882
60003883
60003884
60003885
60003886
60003887
60003888
60003889
60003890
60003891
60003892
60003893
60003894
60003895
60003896
60003897
60003898
60003899
60003900
60003901
60003902
60003903
60003904
60003905
60003906
60003907
60003908
60003909
60003910
60003911
60003912
60003913
60003914
60003915
60003916
60003917
60003918
60003919
60003920
60003921
60003922
60003923
60003924
60003925
60003926
60003927
60003928
60003929
60003930
60003931
60003932
60003933
60003934
60003935
60003936
60003937
60003938
60003939
60003940
60003941
60003942
60003943
60003944
60003945
60003946
60003947
60003948
60003949
60003950
60003951
60003952
60003953
60003954
60003955
60003956
60003957
60003958
60003959
60003960
60003961
60003962
60003963
60003964
60003965
60003966
60003967
60003968
60003969
60003970
60003971
60003972
60003973
60003974
60003975
60003976
60003977
60003978
60003979
60003980
60003981
60003982
60003983
60003984
60003985
60003986
60003987
60003988
60003989
60003990
60003991
60003992
60003993
60003994
60003995
60003996
60003997
60003998
60003999
60004000
60004001