60000502
60000503
60000504
60000505
60000506
60000507
60000508
60000509
60000510
60000511
60000512
60000513
60000514
60000515
60000516
60000517
60000518
60000519
60000520
60000521
60000522
60000523
60000524
60000525
60000526
60000527
60000528
60000529
60000530
60000531
60000532
60000533
60000534
60000535
60000536
60000537
60000538
60000539
60000540
60000541
60000542
60000543
60000544
60000545
60000546
60000547
60000548
60000549
60000550
60000551
60000552
60000553
60000554
60000555
60000556
60000557
60000558
60000559
60000560
60000561
60000562
60000563
60000564
60000565
60000566
60000567
60000568
60000569
60000570
60000571
60000572
60000573
60000574
60000575
60000576
60000577
60000578
60000579
60000580
60000581
60000582
60000583
60000584
60000585
60000586
60000587
60000588
60000589
60000590
60000591
60000592
60000593
60000594
60000595
60000596
60000597
60000598
60000599
60000600
60000601
60000602
60000603
60000604
60000605
60000606
60000607
60000608
60000609
60000610
60000611
60000612
60000613
60000614
60000615
60000616
60000617
60000618
60000619
60000620
60000621
60000622
60000623
60000624
60000625
60000626
60000627
60000628
60000629
60000630
60000631
60000632
60000633
60000634
60000635
60000636
60000637
60000638
60000639
60000640
60000641
60000642
60000643
60000644
60000645
60000646
60000647
60000648
60000649
60000650
60000651
60000652
60000653
60000654
60000655
60000656
60000657
60000658
60000659
60000660
60000661
60000662
60000663
60000664
60000665
60000666
60000667
60000668
60000669
60000670
60000671
60000672
60000673
60000674
60000675
60000676
60000677
60000678
60000679
60000680
60000681
60000682
60000683
60000684
60000685
60000686
60000687
60000688
60000689
60000690
60000691
60000692
60000693
60000694
60000695
60000696
60000697
60000698
60000699
60000700
60000701
60000702
60000703
60000704
60000705
60000706
60000707
60000708
60000709
60000710
60000711
60000712
60000713
60000714
60000715
60000716
60000717
60000718
60000719
60000720
60000721
60000722
60000723
60000724
60000725
60000726
60000727
60000728
60000729
60000730
60000731
60000732
60000733
60000734
60000735
60000736
60000737
60000738
60000739
60000740
60000741
60000742
60000743
60000744
60000745
60000746
60000747
60000748
60000749
60000750
60000751
60000752
60000753
60000754
60000755
60000756
60000757
60000758
60000759
60000760
60000761
60000762
60000763
60000764
60000765
60000766
60000767
60000768
60000769
60000770
60000771
60000772
60000773
60000774
60000775
60000776
60000777
60000778
60000779
60000780
60000781
60000782
60000783
60000784
60000785
60000786
60000787
60000788
60000789
60000790
60000791
60000792
60000793
60000794
60000795
60000796
60000797
60000798
60000799
60000800
60000801
60000802
60000803
60000804
60000805
60000806
60000807
60000808
60000809
60000810
60000811
60000812
60000813
60000814
60000815
60000816
60000817
60000818
60000819
60000820
60000821
60000822
60000823
60000824
60000825
60000826
60000827
60000828
60000829
60000830
60000831
60000832
60000833
60000834
60000835
60000836
60000837
60000838
60000839
60000840
60000841
60000842
60000843
60000844
60000845
60000846
60000847
60000848
60000849
60000850
60000851
60000852
60000853
60000854
60000855
60000856
60000857
60000858
60000859
60000860
60000861
60000862
60000863
60000864
60000865
60000866
60000867
60000868
60000869
60000870
60000871
60000872
60000873
60000874
60000875
60000876
60000877
60000878
60000879
60000880
60000881
60000882
60000883
60000884
60000885
60000886
60000887
60000888
60000889
60000890
60000891
60000892
60000893
60000894
60000895
60000896
60000897
60000898
60000899
60000900
60000901
60000902
60000903
60000904
60000905
60000906
60000907
60000908
60000909
60000910
60000911
60000912
60000913
60000914
60000915
60000916
60000917
60000918
60000919
60000920
60000921
60000922
60000923
60000924
60000925
60000926
60000927
60000928
60000929
60000930
60000931
60000932
60000933
60000934
60000935
60000936
60000937
60000938
60000939
60000940
60000941
60000942
60000943
60000944
60000945
60000946
60000947
60000948
60000949
60000950
60000951
60000952
60000953
60000954
60000955
60000956
60000957
60000958
60000959
60000960
60000961
60000962
60000963
60000964
60000965
60000966
60000967
60000968
60000969
60000970
60000971
60000972
60000973
60000974
60000975
60000976
60000977
60000978
60000979
60000980
60000981
60000982
60000983
60000984
60000985
60000986
60000987
60000988
60000989
60000990
60000991
60000992
60000993
60000994
60000995
60000996
60000997
60000998
60000999
60001000
60001001