60002002
60002003
60002004
60002005
60002006
60002007
60002008
60002009
60002010
60002011
60002012
60002013
60002014
60002015
60002016
60002017
60002018
60002019
60002020
60002021
60002022
60002023
60002024
60002025
60002026
60002027
60002028
60002029
60002030
60002031
60002032
60002033
60002034
60002035
60002036
60002037
60002038
60002039
60002040
60002041
60002042
60002043
60002044
60002045
60002046
60002047
60002048
60002049
60002050
60002051
60002052
60002053
60002054
60002055
60002056
60002057
60002058
60002059
60002060
60002061
60002062
60002063
60002064
60002065
60002066
60002067
60002068
60002069
60002070
60002071
60002072
60002073
60002074
60002075
60002076
60002077
60002078
60002079
60002080
60002081
60002082
60002083
60002084
60002085
60002086
60002087
60002088
60002089
60002090
60002091
60002092
60002093
60002094
60002095
60002096
60002097
60002098
60002099
60002100
60002101
60002102
60002103
60002104
60002105
60002106
60002107
60002108
60002109
60002110
60002111
60002112
60002113
60002114
60002115
60002116
60002117
60002118
60002119
60002120
60002121
60002122
60002123
60002124
60002125
60002126
60002127
60002128
60002129
60002130
60002131
60002132
60002133
60002134
60002135
60002136
60002137
60002138
60002139
60002140
60002141
60002142
60002143
60002144
60002145
60002146
60002147
60002148
60002149
60002150
60002151
60002152
60002153
60002154
60002155
60002156
60002157
60002158
60002159
60002160
60002161
60002162
60002163
60002164
60002165
60002166
60002167
60002168
60002169
60002170
60002171
60002172
60002173
60002174
60002175
60002176
60002177
60002178
60002179
60002180
60002181
60002182
60002183
60002184
60002185
60002186
60002187
60002188
60002189
60002190
60002191
60002192
60002193
60002194
60002195
60002196
60002197
60002198
60002199
60002200
60002201
60002202
60002203
60002204
60002205
60002206
60002207
60002208
60002209
60002210
60002211
60002212
60002213
60002214
60002215
60002216
60002217
60002218
60002219
60002220
60002221
60002222
60002223
60002224
60002225
60002226
60002227
60002228
60002229
60002230
60002231
60002232
60002233
60002234
60002235
60002236
60002237
60002238
60002239
60002240
60002241
60002242
60002243
60002244
60002245
60002246
60002247
60002248
60002249
60002250
60002251
60002252
60002253
60002254
60002255
60002256
60002257
60002258
60002259
60002260
60002261
60002262
60002263
60002264
60002265
60002266
60002267
60002268
60002269
60002270
60002271
60002272
60002273
60002274
60002275
60002276
60002277
60002278
60002279
60002280
60002281
60002282
60002283
60002284
60002285
60002286
60002287
60002288
60002289
60002290
60002291
60002292
60002293
60002294
60002295
60002296
60002297
60002298
60002299
60002300
60002301
60002302
60002303
60002304
60002305
60002306
60002307
60002308
60002309
60002310
60002311
60002312
60002313
60002314
60002315
60002316
60002317
60002318
60002319
60002320
60002321
60002322
60002323
60002324
60002325
60002326
60002327
60002328
60002329
60002330
60002331
60002332
60002333
60002334
60002335
60002336
60002337
60002338
60002339
60002340
60002341
60002342
60002343
60002344
60002345
60002346
60002347
60002348
60002349
60002350
60002351
60002352
60002353
60002354
60002355
60002356
60002357
60002358
60002359
60002360
60002361
60002362
60002363
60002364
60002365
60002366
60002367
60002368
60002369
60002370
60002371
60002372
60002373
60002374
60002375
60002376
60002377
60002378
60002379
60002380
60002381
60002382
60002383
60002384
60002385
60002386
60002387
60002388
60002389
60002390
60002391
60002392
60002393
60002394
60002395
60002396
60002397
60002398
60002399
60002400
60002401
60002402
60002403
60002404
60002405
60002406
60002407
60002408
60002409
60002410
60002411
60002412
60002413
60002414
60002415
60002416
60002417
60002418
60002419
60002420
60002421
60002422
60002423
60002424
60002425
60002426
60002427
60002428
60002429
60002430
60002431
60002432
60002433
60002434
60002435
60002436
60002437
60002438
60002439
60002440
60002441
60002442
60002443
60002444
60002445
60002446
60002447
60002448
60002449
60002450
60002451
60002452
60002453
60002454
60002455
60002456
60002457
60002458
60002459
60002460
60002461
60002462
60002463
60002464
60002465
60002466
60002467
60002468
60002469
60002470
60002471
60002472
60002473
60002474
60002475
60002476
60002477
60002478
60002479
60002480
60002481
60002482
60002483
60002484
60002485
60002486
60002487
60002488
60002489
60002490
60002491
60002492
60002493
60002494
60002495
60002496
60002497
60002498
60002499
60002500
60002501
60002502
60002503
60002504
60002505
60002506
60002507
60002508
60002509
60002510
60002511
60002512
60002513
60002514
60002515
60002516
60002517
60002518
60002519
60002520
60002521
60002522
60002523
60002524
60002525
60002526
60002527
60002528
60002529
60002530
60002531
60002532
60002533
60002534
60002535
60002536
60002537
60002538
60002539
60002540
60002541
60002542
60002543
60002544
60002545
60002546
60002547
60002548
60002549
60002550
60002551
60002552
60002553
60002554
60002555
60002556
60002557
60002558
60002559
60002560
60002561
60002562
60002563
60002564
60002565
60002566
60002567
60002568
60002569
60002570
60002571
60002572
60002573
60002574
60002575
60002576
60002577
60002578
60002579
60002580
60002581
60002582
60002583
60002584
60002585
60002586
60002587
60002588
60002589
60002590
60002591
60002592
60002593
60002594
60002595
60002596
60002597
60002598
60002599
60002600
60002601
60002602
60002603
60002604
60002605
60002606
60002607
60002608
60002609
60002610
60002611
60002612
60002613
60002614
60002615
60002616
60002617
60002618
60002619
60002620
60002621
60002622
60002623
60002624
60002625
60002626
60002627
60002628
60002629
60002630
60002631
60002632
60002633
60002634
60002635
60002636
60002637
60002638
60002639
60002640
60002641
60002642
60002643
60002644
60002645
60002646
60002647
60002648
60002649
60002650
60002651
60002652
60002653
60002654
60002655
60002656
60002657
60002658
60002659
60002660
60002661
60002662
60002663
60002664
60002665
60002666
60002667
60002668
60002669
60002670
60002671
60002672
60002673
60002674
60002675
60002676
60002677
60002678
60002679
60002680
60002681
60002682
60002683
60002684
60002685
60002686
60002687
60002688
60002689
60002690
60002691
60002692
60002693
60002694
60002695
60002696
60002697
60002698
60002699
60002700
60002701
60002702
60002703
60002704
60002705
60002706
60002707
60002708
60002709
60002710
60002711
60002712
60002713
60002714
60002715
60002716
60002717
60002718
60002719
60002720
60002721
60002722
60002723
60002724
60002725
60002726
60002727
60002728
60002729
60002730
60002731
60002732
60002733
60002734
60002735
60002736
60002737
60002738
60002739
60002740
60002741
60002742
60002743
60002744
60002745
60002746
60002747
60002748
60002749
60002750
60002751
60002752
60002753
60002754
60002755
60002756
60002757
60002758
60002759
60002760
60002761
60002762
60002763
60002764
60002765
60002766
60002767
60002768
60002769
60002770
60002771
60002772
60002773
60002774
60002775
60002776
60002777
60002778
60002779
60002780
60002781
60002782
60002783
60002784
60002785
60002786
60002787
60002788
60002789
60002790
60002791
60002792
60002793
60002794
60002795
60002796
60002797
60002798
60002799
60002800
60002801
60002802
60002803
60002804
60002805
60002806
60002807
60002808
60002809
60002810
60002811
60002812
60002813
60002814
60002815
60002816
60002817
60002818
60002819
60002820
60002821
60002822
60002823
60002824
60002825
60002826
60002827
60002828
60002829
60002830
60002831
60002832
60002833
60002834
60002835
60002836
60002837
60002838
60002839
60002840
60002841
60002842
60002843
60002844
60002845
60002846
60002847
60002848
60002849
60002850
60002851
60002852
60002853
60002854
60002855
60002856
60002857
60002858
60002859
60002860
60002861
60002862
60002863
60002864
60002865
60002866
60002867
60002868
60002869
60002870
60002871
60002872
60002873
60002874
60002875
60002876
60002877
60002878
60002879
60002880
60002881
60002882
60002883
60002884
60002885
60002886
60002887
60002888
60002889
60002890
60002891
60002892
60002893
60002894
60002895
60002896
60002897
60002898
60002899
60002900
60002901
60002902
60002903
60002904
60002905
60002906
60002907
60002908
60002909
60002910
60002911
60002912
60002913
60002914
60002915
60002916
60002917
60002918
60002919
60002920
60002921
60002922
60002923
60002924
60002925
60002926
60002927
60002928
60002929
60002930
60002931
60002932
60002933
60002934
60002935
60002936
60002937
60002938
60002939
60002940
60002941
60002942
60002943
60002944
60002945
60002946
60002947
60002948
60002949
60002950
60002951
60002952
60002953
60002954
60002955
60002956
60002957
60002958
60002959
60002960
60002961
60002962
60002963
60002964
60002965
60002966
60002967
60002968
60002969
60002970
60002971
60002972
60002973
60002974
60002975
60002976
60002977
60002978
60002979
60002980
60002981
60002982
60002983
60002984
60002985
60002986
60002987
60002988
60002989
60002990
60002991
60002992
60002993
60002994
60002995
60002996
60002997
60002998
60002999
60003000
60003001