63871022
63521336
62321570
68107462
65251764
66492738
61401745
62668759
67815088
64530316
67957977
63923646
64159521
64269807
67941927
65587332
69507245
65228674
68670482
62503175
65553934
66686125
68886767
62357288
61996470
67047990
62012754
64945954
61751545
69190794
68112133
69506422
62886794
68448194
67071234
64479524
67947283
67580850
68520534
63535907
64825742
68471453
69555535
61010773
61633170
69000553
63979693
66364682
63242073
66423766
64764247
61938478
61068940
68545582
67457467
68106480
61665388
67121707
68995342
61528005
66334048
68373817
68035535
65180231
68551378
69590917
61507287
65027157
69048723
69165703
64654229
67789401
63850117
65540542
62043589
62473973
65597107
66691380
64586291
63910251
62475608
65453296
64030563
63559124
63053192
68585478
68997011
62027041
61285988
64692589
62636132
68707216
66014355
69865882
66270209
62738317
66277302
66672066
62387154
65012667
65432681
66347512
65856808
63027307
67963080
65715962
61896680
62068894
61330964
64538697
65084921
69260895
69123866
67101476
64658221
61483653
65123823
65550626
63464668
69530030
62241374
67098045
65976310
63900618
65506043
68376558
67255315
64404602
63570415
66890202
62620222
66319539
64205021
66724677
68448100
67097438
61500701
62827529
62362423
62784287
63167463
66459433
67798299
65801960
61370114
67597351
69066017
68734383
64787057
68940729
61713768
62924632
69233651
67691481
69480310
67464543
69636615
62070552
63788012
67803629
68564674
66148465
68317872
69901732
69341909
65340086
64880630
62270148
62016881
64710357
68437400
63144966
65098878
65508930
61088031
62045019
67713541
66283398
62076333
68136342
65027593
61473921
69741148
63022506
61705699
62255223
67907766
67217115
67615708
69893535
65038606
66356445
68132039
67783561
67824975
69626615
68396333
61760794
62844605
68895512
69516165
62693404
64550925
69430576
61636566
68870372
61262666
67427320
66866662
67603078
61130785
66544207
67330229
66664601
61088302
62725140
65710850
67028400
63329065
61428408
65783089
68640804
64525599
64440462
61279006
65083899
68273234
68936910
67933108
64778298
61161625
67625880
69921984
65134250
61113258
66216681
64861441
61942104
69925609
68779302
66426107
61614407
64491309
69302805
65152828
69445829
69584543
61186929
61725991
62757576
69883839
66735599
62831743
63132321
63060270
62961969
64774825
63185720
63127694
69690552
65569631
62594977
66208092
64660702
67103086
67773335
64392537
61732205
62186638
67981634
64776150
62733287
63519981
66817110
66407534
62928199
65644044
66131340
66305082
67786222
66210322
69395094
69068492
65827140
63991826
64502039
63752379
66318952
61154334
61920036
68643725
67539035
67371411
65139907
63462419
66084662
67485687
68275602
65607057
66809310
66911518
66366860
66546676
65936258
64821875
63262880
69704530
66753370
63472292
69752436
63819408
64607454
61316856
66859276
65985799
64522796
63979937
62561216
62575470
66227624
64353770
68862947
68292421
61134242
66509595
66699426
65723777
69634100
63189937
61964546
69161964
61073055
65377001
62668514
69131747
63349818
66386644
66543818
66829083
65443780
66564739
62667683
62450088
67329150
67795161
62815763
63781041
69099026
64523092
65110514
68663680
66140357
68673099
68729391
68362236
67840862
65316379
66215492
61810329
61406495
61838340
65562615
65111078
62777424
65429183
62289010
64348272
68143188
69113543
67523554
61045751
62402754
64872962
62128600
61162889
64288782
64757354
65620610
63513041
67502604
64285974
62035087
66220981
69655619
66050855
62810304
62543590
61458739
61831306
62099845
64122435
62995425
64240027
66748223
65014071
64695292
63042441
65934292
64908655
63597948
62769085
66056117
68621312
69729229
68102196
61446814
66217702
69104421
61058275
66210797
69103471
63372393
65636470
69409337
63896598
69504636
67415538
68978360
62075611
65489469
69536664
61402439
68378523
65212096
65359506
63509146
61328984
65608891
64188225
65510580
67025514
62750507
69575971
69477904
69436458
69829391
69903658
64727489
69738692
66718981
69362480
68561176
65109667
65656920
68188295
65382717
65182718
68654862
67862093
65410273
63100140
66271674
65471495
61285980
68938750
69308385
66233089
67992696
62039629
68640650
63817119
64441734
61156594
62758528
61229364
65317240
62408466
65333303
61588079
62090149
62624245
67828061
68268096
68200092
68470375
68535650
69864111
69287332
65073982
68039393
68214662
67632851
63945548
66503090
67585439
64060458
67991774
67067020
66709277
65567595
62107855
66467148
66080631
61992673
66800341
65457961
62388701
64638133
65056968
68867878
67734463
61852092
63816856
61986108
63186225
64705788
69656950
65266048
65927417
65892196
65290789
66742764
63440969
62013740
61522121
69140346
62809955
63982822
67911552
65152946
61522634
64391858
69031671
65917167
64916629
66686848
62159520
65886910
63810509
62098428
66782270
62589215
61231213
64219038
69540968
68240543
67230719
61243188
61290309
61221479
66969718
64414359
69337939
62729729
66201920
66481080
64066932
61576416
63642334
62440912
63167439
63246906
62313858
65660548
68650450
66811107
62790354
63749407
69526735
64276743
68307295
67712846
67828120
65672374
63084717
63653757
66794742
64650314
68390758
69712768
65192890
62661377
66749342
68111540
69889922
62004734
62146108
69571444
67006844
69444682
62357106
64343717
67999103
66260450
67304895
63431070
62497094
68481031
69503232
64522516
67980855
67590371
64244831
68101192
62405635
69343237
69644315
61914591
61680988
64033281
63148260
69483669
61556799
62891793
64557273
69453185
61941559
61665093
64205374
65438068
66312161
68373752
67468261
63599896
66463385
66135132
63097529
63257001
63583504
63714359
61563104
68678907
69211103
66691056
68110287
68027487
65910430
69378926
65689583
61527941
68612000
69764615
62281876
64363857
67170412
62006159
69245763
69238180
69029068
61873344
67058361
61561805
65302071
65347483
62919554
62144623
62538498
62241084
63930855
67685756
62683160
67834784
68376982
69385790
63002201
64545406
69159967
62029354
65047943
64453693
62252262
67499052
66507555
66611135
64345079
69539679
62988807
66957163
64447428
67771839
66602089
65510193
66424457
69224094
62916387
67439898
68276105
66959410
63679087
64222072
66867438
63052406
61136215
69222034
65352522
61033275
68311119
66716668
62083018
65207977
68618551
67168055
66586826
61678317
66698011
66290081
67662142
62421695
67352057
62382003
67637602
63659192
66958747
69684299
65316623
62041171
66540152
69829831
62336692
62392894
65408539
61600154
66025464
69869041
63665578
65082101
63666323
66251904
67117153
67666837
69828480
65368952
66917235
68495612
65706932
66288632
67571483
63186154
68910636
65974468
64306240
62879396
67797862
66597634
64067504
66348793
62972480
69264617
65916529
67143644
67648737
61738934
69321064
67817168
65980285
69807915
63848206
66259089
69818613
65561085
66121195
66782103
62627624
66983392
63806951
68167616
66559313
65675910
62831640
64112078
66284716
67098452
65607307
69778992
65214265
68312040
66249957
68429136
61140864
65421736
68539565
64403504
62495903
69979257
62572493
62139469
67011331
66990132
61595464
67044560
62109203
66145190
69450743
65236742
68986856
63539423
63247830
62625301
66022342
68071277
65695895
65452046
67448669
64325865
68211304
63853863
65727026
66679668
63573381
64769377
61574889
69086658
64251728
67566454
63316518
66868908
64848479
69719640
63763133
69341283
64415932
61294946
62194200
64320728
67891025
66327818
65398906
62288636
66126437
67924707
64492822
66455370
66114569
69638452
69220517
69852142
62174882
62779408
67121703
67136664
64190242
63478644
67878961
67239784
63622371
62448355
68958106
65456496
64078737
63950380
64074684
65935705
63949611
67618649
63815250
65084043
67219798
65594640
62329967
68104158
66998916
62067533
67456239
61029699
61618978
63834232
66782601
68943230
66485051
69803527
61317195
66305794
62450257
62635753
63734860
67732564
69292426
65690799
65324128
67283643
68700578
69636770
68887814
65215393
65141881
64673167
68906490
62996070
61879397
64136974
64371736
64348034
69669637
69412829
64759333
69936873
66814349
67943091
68153645
61075029
67177405
67754603
64727160
66440644
64382497
69220815
61447157
61418396
62607684
65110561
66527698
68826928
64621079
68044212
68928505
65070251
62867439
62189806
62575528
62201157
67208069
63712259
63990822
67772022
63961882
61965524
66930019
62831629
66562473
63325822
67995082
61596889
69220929
66457122
69417146
66754483
68080251
64280444
63597399
66669581
63935051
66048862
67427559
61416168
67756333
68481011
61138066
65613938
61864597
61155453
68729339
66906960
66376681
67880665
62239871
65533362
62185353
65039993
68462716
62602945
68198154
61970465
69161858
67695216
67655465
61308199
64760608
63194395
67402565
69111369
64625308
63817360
65226957
64423574
63313517
68908724
66110476
68847893
66463594
65298790
64393780
69503864
62822151
68291678
62773321
67867153
62047780
62209292
68541868
68964411
61659385
62367057
67752325
62042197
66758060
67334979
61947978
68306229
68537103
62994846
64000956
66709055
61546514
61323474
63551214
69943768
67161021
69980461
62525776
68129267