68974082
68477587
69354353
65089509
66180513
68378074
62002129
65974613
62727481
66130629
68610495
67695975
68566429
64478078
68724795
63647653
66876855
68390999
63577363
65819371
64324490
65805270
62704800
64469681
67349520
69396573
63944319
64072778
68087891
67341567
68624153
64511565
62114461
61732219
65383072
63449702
69749037
64034184
69034855
65886121
67104177
62344391
62375243
62559247
62968026
66275823
68890034
66093189
62689953
64696321
63376999
65780590
65400996
64579875
66318640
69820228
64748691
63471316
66581790
65587070
63931377
69141996
61650282
62825908
62060593
69413261
63668254
66563629
64008626
62505103
69609501
62750085
63489952
69482127
69251965
67621559
65932091
65004755
61998741
68922609
63352895
66496928
63529722
64090400
63204063
65865616
66920836
66171757
62837104
68482532
69723082
64272413
62867648
62237546
65107833
65925724
68496027
63481878
64483212
67564099
62167783
68500840
61045418
67499410
69326481
63971593
62086035
64704737
65521176
66820072
66102440
67089738
64168451
65624217
66143896
64338939
65618033
65400301
66512376
67545975
67881653
64888422
67761577
62921372
64535444
62911763
61487243
64236353
68573119
62307357
62048888
62028696
67486076
62330374
68328708
68837312
69393919
65178051
62318895
69438250
65840869
65492226
61351515
69983806
67589150
63641651
66937461
65304960
61099344
67421991
65511684
64638415
68985038
62061100
65915891
66158274
62849364
67084872
69379079
62125515
68359843
65606268
68437513
68720843
66546562
66964911
62402138
65963850
69419795
61691110
67524302
66092446
67499884
62574546
69245997
63847194
67467227
62903147
68364691
64441600
66766825
65969500
62009839
68556139
67958302
65765321
66096634
64856270
64035086
69475483
69130878
69886925
61776141
62502848
63414063
64052086
66350961
67349851
69954937
67790436
65153241
63395844
64413525
63846395
63682932
69729695
65644557
68411917
62406694
65561531
65859215
64001646
67635204
68570977
66257489
65503382
68917171
61660607
65151341
69779308
66828881
69648085
69125625
67894137
67974769
65353078
62069285
65044162
68706222
66294632
68976554
65374443
68697242
61224422
69542053
61682858
69512734
67844373
68390946
69170680
68194179
69199701
62878482
67967955
66859003
65548418
65060603
63729283
65957913
66606429
63957436
61870901
67620230
62108530
64453785
62376893
64802969
61911430
64820457
67266157
63141974
66515018
62737438
69960423
63198007
63195318
63856140
68625614
62781494
66487548
61013356
67883245
68441035
61497777
67674062
63940954
69578511
67018614
68700274
69011301
63545891
67053726
65272839
66878403
65413486
63289615
61230393
69243169
68967537
61932922
67504882
66457636
64329849
68399342
69455289
63928407
68617263
68403212
65661474
69944437
67647567
65501805
63406913
66549389
64485921
68016050
62356188
68074197
66949938
67716163
63884184
68406407
61626703
65391550
62091235
66363139
67570040
66616762
65609920
62351404
69648463
61086645
63841142
66690690
64634383
66196308
65051424
69020015
61412336
61966305
68747553
61242374
68194391
66294546
69025289
62900153
67013406
69678406
61147642
69645630
69775951
62300593
69444655
69505503
64732174
62360563
67801255
68797320
68462075
68799957
62737819
66161119
63686909
68605775
62208622
67616577
64093345
65811949
69237779
63394992
65789261
66449681
66358495
68586162
69338869
62307936
68086231
69827914
63308581
64607693
66685095
65501778
61141442
63316442
63349175
69466991
64010957
64045858
69646057
68983240
64461415
68423050
67842612
62723019
65248836
63674576
68186556
61064342
63195241
66214434
66115962
64343273
61506912
61724040
69773859
62106965
66776751
67524605
61261648
66069669
67655741
65261099
62560265
66345297
61020963
69299923
67241157
65263846
61032328
67901040
65695167
64041464
68538021
66091283
69813695
64310154
69905199
63311735
63896695
66220972
61216763
69054585
68164092
65205990
69306318
68002610
62115036
66473404
62610145
68452727
63725641
68893277
61334134
65096307
69862044
67148488
65838175
67536729
69521505
62198690
64849750
63829309
61245376
65617844
61867402
64279362
65833452
67223885
64377652
69398416
62637472
64318505
62749978
61477916
63597954
61099306
61877908
63412491
63231331
63978805
62100907
67691777
69430807
63101946
66235856
67048156
68047268
65348976
62221897
62068729
67503499
62267556
65096652
69504692
62710383
61426717
69741665
69745650
63034159
62980932
64347960
66143343
69395751
62192475
66319212
65437500
64429240
62204120
61385104
65853877
64192311
65906778
64399090
63106449
61493325
61760367
65036882
69555815
67081454
63509484
63509485
63509486
63509487
63509488
63509489
63509490
63509491
63509492
63509493
63509494
63509495
63509496
63509497
63509498
63509499
63509500
63509501
63509502
63509503
63509504
63509505
63509506
63509507
63509508
63509509
63509510
63509511
63509512
63509513
63509514
63509515
63509516
63509517
63509518
63509519
63509520
63509521
63509522
63509523
63509524
63509525
63509526
63509527
63509528
63509529
63509530
63509531
63509532
63509533
63509534
63509535
63509536
63509537
63509538
63509539
63509540
63509541
63509542
63509543
63509544
63509545
63509546
63509547
63509548
63509549
63509550
63509551
63509552
63509553
63509554
63509555
63509556
63509557
63509558
63509559
63509560
63509561
63509562
63509563
63509564
63509565
63509566
63509567
63509568
63509569
63509570
63509571
63509572
63509573
63509574
63509575
63509576
63509577
63509578
63509579
63509580
63509581
63509582
63509583
63509584
63509585
63509586
63509587
63509588
63509589
63509590
63509591
63509592
63509593
63509594
63509595
63509596
63509597
63509598
63509599
63509600
63509601
63509602
63509603
63509604
63509605
63509606
63509607
63509608
63509609
63509610
63509611
63509612
63509613
63509614
63509615
63509616
63509617
63509618
63509619
63509620
63509621
63509622
63509623
63509624
63509625
63509626
63509627
63509628
63509629
63509630
63509631
63509632
63509633
63509634
63509635
63509636
63509637
63509638
63509639
63509640
63509641
63509642
63509643
63509644
63509645
63509646
63509647
63509648
63509649
63509650
63509651
63509652
63509653
63509654
63509655
63509656
63509657
63509658
63509659
63509660
63509661
63509662
63509663
63509664
63509665
63509666
63509667
63509668
63509669
63509670
63509671
63509672
63509673
63509674
63509675
63509676
63509677
63509678
63509679
63509680
63509681
63509682
63509683
63509684
63509685
63509686
63509687
63509688
63509689
63509690
63509691
63509692
63509693
63509694
63509695
63509696
63509697
63509698
63509699
63509700
63509701
63509702
63509703
63509704
63509705
63509706
63509707
63509708
63509709
63509710
63509711
63509712
63509713
63509714
63509715
63509716
63509717
63509718
63509719
63509720
63509721
63509722
63509723
63509724
63509725
63509726
63509727
63509728
63509729
63509730
63509731
63509732
63509733
63509734
63509735
63509736
63509737
63509738
63509739
63509740
63509741
63509742
63509743
63509744
63509745
63509746
63509747
63509748
63509749
63509750
63509751
63509752
63509753
63509754
63509755
63509756
63509757
63509758
63509759
63509760
63509761
63509762
63509763
63509764
63509765
63509766
63509767
63509768
63509769
63509770
63509771
63509772
63509773
63509774
63509775
63509776
63509777
63509778
63509779
63509780
63509781
63509782
63509783
63509784
63509785
63509786
63509787
63509788
63509789
63509790
63509791
63509792
63509793
63509794
63509795
63509796
63509797
63509798
63509799
63509800
63509801
63509802
63509803
63509804
63509805
63509806
63509807
63509808
63509809
63509810
63509811
63509812
63509813
63509814
63509815
63509816
63509817
63509818
63509819
63509820
63509821
63509822
63509823
63509824
63509825
63509826
63509827
63509828
63509829
63509830
63509831
63509832
63509833
63509834
63509835
63509836
63509837
63509838
63509839
63509840
63509841
63509842
63509843
63509844
63509845
63509846
63509847
63509848
63509849
63509850
63509851
63509852
63509853
63509854
63509855
63509856
63509857
63509858
63509859
63509860
63509861
63509862
63509863
63509864
63509865
63509866
63509867
63509868
63509869
63509870
63509871
63509872
63509873
63509874
63509875
63509876
63509877
63509878
63509879
63509880
63509881
63509882
63509883
63509884
63509885
63509886
63509887
63509888
63509889
63509890
63509891
63509892
63509893
63509894
63509895
63509896
63509897
63509898
63509899
63509900
63509901
63509902
63509903
63509904
63509905
63509906
63509907
63509908
63509909
63509910
63509911
63509912
63509913
63509914
63509915
63509916
63509917
63509918
63509919
63509920
63509921
63509922
63509923
63509924
63509925
63509926
63509927
63509928
63509929
63509930
63509931
63509932
63509933
63509934
63509935
63509936
63509937
63509938
63509939
63509940
63509941
63509942
63509943
63509944
63509945
63509946
63509947
63509948
63509949
63509950
63509951
63509952
63509953
63509954
63509955
63509956
63509957
63509958
63509959
63509960
63509961
63509962
63509963
63509964
63509965
63509966
63509967
63509968
63509969
63509970
63509971
63509972
63509973
63509974
63509975
63509976
63509977
63509978
63509979
63509980
63509981
63509982
63509983
63509984