60001002
60001003
60001004
60001005
60001006
60001007
60001008
60001009
60001010
60001011
60001012
60001013
60001014
60001015
60001016
60001017
60001018
60001019
60001020
60001021
60001022
60001023
60001024
60001025
60001026
60001027
60001028
60001029
60001030
60001031
60001032
60001033
60001034
60001035
60001036
60001037
60001038
60001039
60001040
60001041
60001042
60001043
60001044
60001045
60001046
60001047
60001048
60001049
60001050
60001051
60001052
60001053
60001054
60001055
60001056
60001057
60001058
60001059
60001060
60001061
60001062
60001063
60001064
60001065
60001066
60001067
60001068
60001069
60001070
60001071
60001072
60001073
60001074
60001075
60001076
60001077
60001078
60001079
60001080
60001081
60001082
60001083
60001084
60001085
60001086
60001087
60001088
60001089
60001090
60001091
60001092
60001093
60001094
60001095
60001096
60001097
60001098
60001099
60001100
60001101
60001102
60001103
60001104
60001105
60001106
60001107
60001108
60001109
60001110
60001111
60001112
60001113
60001114
60001115
60001116
60001117
60001118
60001119
60001120
60001121
60001122
60001123
60001124
60001125
60001126
60001127
60001128
60001129
60001130
60001131
60001132
60001133
60001134
60001135
60001136
60001137
60001138
60001139
60001140
60001141
60001142
60001143
60001144
60001145
60001146
60001147
60001148
60001149
60001150
60001151
60001152
60001153
60001154
60001155
60001156
60001157
60001158
60001159
60001160
60001161
60001162
60001163
60001164
60001165
60001166
60001167
60001168
60001169
60001170
60001171
60001172
60001173
60001174
60001175
60001176
60001177
60001178
60001179
60001180
60001181
60001182
60001183
60001184
60001185
60001186
60001187
60001188
60001189
60001190
60001191
60001192
60001193
60001194
60001195
60001196
60001197
60001198
60001199
60001200
60001201
60001202
60001203
60001204
60001205
60001206
60001207
60001208
60001209
60001210
60001211
60001212
60001213
60001214
60001215
60001216
60001217
60001218
60001219
60001220
60001221
60001222
60001223
60001224
60001225
60001226
60001227
60001228
60001229
60001230
60001231
60001232
60001233
60001234
60001235
60001236
60001237
60001238
60001239
60001240
60001241
60001242
60001243
60001244
60001245
60001246
60001247
60001248
60001249
60001250
60001251
60001252
60001253
60001254
60001255
60001256
60001257
60001258
60001259
60001260
60001261
60001262
60001263
60001264
60001265
60001266
60001267
60001268
60001269
60001270
60001271
60001272
60001273
60001274
60001275
60001276
60001277
60001278
60001279
60001280
60001281
60001282
60001283
60001284
60001285
60001286
60001287
60001288
60001289
60001290
60001291
60001292
60001293
60001294
60001295
60001296
60001297
60001298
60001299
60001300
60001301
60001302
60001303
60001304
60001305
60001306
60001307
60001308
60001309
60001310
60001311
60001312
60001313
60001314
60001315
60001316
60001317
60001318
60001319
60001320
60001321
60001322
60001323
60001324
60001325
60001326
60001327
60001328
60001329
60001330
60001331
60001332
60001333
60001334
60001335
60001336
60001337
60001338
60001339
60001340
60001341
60001342
60001343
60001344
60001345
60001346
60001347
60001348
60001349
60001350
60001351
60001352
60001353
60001354
60001355
60001356
60001357
60001358
60001359
60001360
60001361
60001362
60001363
60001364
60001365
60001366
60001367
60001368
60001369
60001370
60001371
60001372
60001373
60001374
60001375
60001376
60001377
60001378
60001379
60001380
60001381
60001382
60001383
60001384
60001385
60001386
60001387
60001388
60001389
60001390
60001391
60001392
60001393
60001394
60001395
60001396
60001397
60001398
60001399
60001400
60001401
60001402
60001403
60001404
60001405
60001406
60001407
60001408
60001409
60001410
60001411
60001412
60001413
60001414
60001415
60001416
60001417
60001418
60001419
60001420
60001421
60001422
60001423
60001424
60001425
60001426
60001427
60001428
60001429
60001430
60001431
60001432
60001433
60001434
60001435
60001436
60001437
60001438
60001439
60001440
60001441
60001442
60001443
60001444
60001445
60001446
60001447
60001448
60001449
60001450
60001451
60001452
60001453
60001454
60001455
60001456
60001457
60001458
60001459
60001460
60001461
60001462
60001463
60001464
60001465
60001466
60001467
60001468
60001469
60001470
60001471
60001472
60001473
60001474
60001475
60001476
60001477
60001478
60001479
60001480
60001481
60001482
60001483
60001484
60001485
60001486
60001487
60001488
60001489
60001490
60001491
60001492
60001493
60001494
60001495
60001496
60001497
60001498
60001499
60001500
60001501
60001502
60001503
60001504
60001505
60001506
60001507
60001508
60001509
60001510
60001511
60001512
60001513
60001514
60001515
60001516
60001517
60001518
60001519
60001520
60001521
60001522
60001523
60001524
60001525
60001526
60001527
60001528
60001529
60001530
60001531
60001532
60001533
60001534
60001535
60001536
60001537
60001538
60001539
60001540
60001541
60001542
60001543
60001544
60001545
60001546
60001547
60001548
60001549
60001550
60001551
60001552
60001553
60001554
60001555
60001556
60001557
60001558
60001559
60001560
60001561
60001562
60001563
60001564
60001565
60001566
60001567
60001568
60001569
60001570
60001571
60001572
60001573
60001574
60001575
60001576
60001577
60001578
60001579
60001580
60001581
60001582
60001583
60001584
60001585
60001586
60001587
60001588
60001589
60001590
60001591
60001592
60001593
60001594
60001595
60001596
60001597
60001598
60001599
60001600
60001601
60001602
60001603
60001604
60001605
60001606
60001607
60001608
60001609
60001610
60001611
60001612
60001613
60001614
60001615
60001616
60001617
60001618
60001619
60001620
60001621
60001622
60001623
60001624
60001625
60001626
60001627
60001628
60001629
60001630
60001631
60001632
60001633
60001634
60001635
60001636
60001637
60001638
60001639
60001640
60001641
60001642
60001643
60001644
60001645
60001646
60001647
60001648
60001649
60001650
60001651
60001652
60001653
60001654
60001655
60001656
60001657
60001658
60001659
60001660
60001661
60001662
60001663
60001664
60001665
60001666
60001667
60001668
60001669
60001670
60001671
60001672
60001673
60001674
60001675
60001676
60001677
60001678
60001679
60001680
60001681
60001682
60001683
60001684
60001685
60001686
60001687
60001688
60001689
60001690
60001691
60001692
60001693
60001694
60001695
60001696
60001697
60001698
60001699
60001700
60001701
60001702
60001703
60001704
60001705
60001706
60001707
60001708
60001709
60001710
60001711
60001712
60001713
60001714
60001715
60001716
60001717
60001718
60001719
60001720
60001721
60001722
60001723
60001724
60001725
60001726
60001727
60001728
60001729
60001730
60001731
60001732
60001733
60001734
60001735
60001736
60001737
60001738
60001739
60001740
60001741
60001742
60001743
60001744
60001745
60001746
60001747
60001748
60001749
60001750
60001751
60001752
60001753
60001754
60001755
60001756
60001757
60001758
60001759
60001760
60001761
60001762
60001763
60001764
60001765
60001766
60001767
60001768
60001769
60001770
60001771
60001772
60001773
60001774
60001775
60001776
60001777
60001778
60001779
60001780
60001781
60001782
60001783
60001784
60001785
60001786
60001787
60001788
60001789
60001790
60001791
60001792
60001793
60001794
60001795
60001796
60001797
60001798
60001799
60001800
60001801
60001802
60001803
60001804
60001805
60001806
60001807
60001808
60001809
60001810
60001811
60001812
60001813
60001814
60001815
60001816
60001817
60001818
60001819
60001820
60001821
60001822
60001823
60001824
60001825
60001826
60001827
60001828
60001829
60001830
60001831
60001832
60001833
60001834
60001835
60001836
60001837
60001838
60001839
60001840
60001841
60001842
60001843
60001844
60001845
60001846
60001847
60001848
60001849
60001850
60001851
60001852
60001853
60001854
60001855
60001856
60001857
60001858
60001859
60001860
60001861
60001862
60001863
60001864
60001865
60001866
60001867
60001868
60001869
60001870
60001871
60001872
60001873
60001874
60001875
60001876
60001877
60001878
60001879
60001880
60001881
60001882
60001883
60001884
60001885
60001886
60001887
60001888
60001889
60001890
60001891
60001892
60001893
60001894
60001895
60001896
60001897
60001898
60001899
60001900
60001901
60001902
60001903
60001904
60001905
60001906
60001907
60001908
60001909
60001910
60001911
60001912
60001913
60001914
60001915
60001916
60001917
60001918
60001919
60001920
60001921
60001922
60001923
60001924
60001925
60001926
60001927
60001928
60001929
60001930
60001931
60001932
60001933
60001934
60001935
60001936
60001937
60001938
60001939
60001940
60001941
60001942
60001943
60001944
60001945
60001946
60001947
60001948
60001949
60001950
60001951
60001952
60001953
60001954
60001955
60001956
60001957
60001958
60001959
60001960
60001961
60001962
60001963
60001964
60001965
60001966
60001967
60001968
60001969
60001970
60001971
60001972
60001973
60001974
60001975
60001976
60001977
60001978
60001979
60001980
60001981
60001982
60001983
60001984
60001985
60001986
60001987
60001988
60001989
60001990
60001991
60001992
60001993
60001994
60001995
60001996
60001997
60001998
60001999
60002000
60002001