67363646
68435677
62303091
62081755
63339815
61150620
63938603
61389508
64778024
63573501
61000868
61539838
64828095
62075237
62542957
64637708
64668752
67218229
68815292
65812038
62376586
67495879
62822336
68800308
68598370
63929599
64891079
65761128
64989736
65073046
66040872
65439298
61784140
65681468
69957512
61754540
66456166
66649289
66135808
64878863
66823407
63333417
62277900
69433661
64930912
62800331
63217462
69681409
68897158
63601035
65856385
61188771
62605997
69591054
62287659
62475984
62278381
68825553
62903948
68823918
62765922
66806646
67863880
67984988
61850934
65615711
64941601
68019871
62642543
64289404
62080845
62041269
69574791
65915507
68126037
68313600
65363675
64875346
61608303
68988596
63446359
68166557
69408789
63935560
63797355
64981536
62990354
67237427
65889629
64043885
66892360
63907628
66477733
64483593
69643309
68545274
67076496
69477630
62898260
67536619
69638155
69573816
67540963
64193655
68964178
66446260
68595027
67112575
67136863
62158798
64068358
68869841
66415903
66630141
61760661
64009778
65684917
63027326
69394839
65656473
63458523
64215557
61456623
66126312
61924302
64373659
66989183
65137516
61590972
61719249
64934417
62750451
67312624
62845215
69998760
65066482
68604423
64510835
68610173
66654533
66922259
64527137
63271694
66316529
69432310
65214300
61764806
63986063
61742529
64784894
64198574
67133416
69998439
67346558
65278065
66681167
67180261
67469856
62815528
69532568
61268896
63994580
68374806
69086239
65478400
62011077
63356600
66386384
63888082
69008014
67001762
66971351
64642042
66678814
61343374
63487399
66508759
64867230
61219090
67043265
65372678
64374466
66198836
61084319
63493794
67253067
64781514
63677581
67665625
64881127
65567779
68621271
63850507
65960104
66441972
68767089
61057713
68543930
62902406
65343468
67720584
64891759
65820953
69925656
66925736
61495580
62175311
63570055
62605354
68095417
61533529
68861978
69004062
66847792
66034159
66302671
63787795
65256842
67763771
62095328
68989282
66183024
61707760
65190412
67283240
61360442
69148336
68408012
66628330
69058868
66447065
65417234
65555970
67843610
64856575
67009249
61529848
64010451
61945354
64550724
61486694
66045364
64133588
67787429
68709182
62424409
62207837
64391109
66515720
69083549
61173659
64218154
68285073
62941118
65429470
67459023
61403010
65551194
66957765
64298518
69184922
69823196
62564571
67156569
65449025
68452587
62332917
66326193
68899347
68848419
64759155
69244982
68811832
68698764
67134802
61436546
67720210
66712485
64474047
67365074
69109173
64545757
67488404
61060082
68139262
69716569
65215946
67060583
63757729
68797376
67756631
66212256
69493664
64761624
65793797
62890784
66944361
65345062
66308493
69820516
64313647
66346174
68498639
62557371
68166106
62148900
69588670
61399579
69285900
63050046
66287903
68982669
61377373
66665029
68732876
61133622
66022633
61576118
68886554
65777641
63488237
62975398
64287699
62159242
67536182
67653298
68150119
66056350
69963699
65213359
68206926
61743100
61826779
67750832
64452708
66765994
69455016
69017854
62116370
66316315
64386385
62476638
69605580
61063998
69254369
68265856
69624340
61690856
61328175
61164454
61970162
61721830
65671840
64167894
69916781
65440763
63453823
65839672
64450391
62628684
61181030
61166057
68903497
61256491
69298602
64012556
67351394
61693943
64474072
68811446
64346048
67694020
61169612
68859275
68437365
67324765
61382500
68423767
68347735
68517670
69101204
67915103
66264615
68475833
63470885
64129541
61539489
63616805
64357256
65329106
62964040
61413017
69144694
62632539
67517043
65138768
62680438
63070846
61662918
67683741
67833959
69950737
62636845
69082552
65043623
67788723
66065531
69354206
67038525
62702656
62136956
61173817
68895297
61762449
63791344
63692020
69259474
68998753
66210300
66890422
62492964
67261588
62880886
62768721
67602540
63474981
61312804
62556893
65893462
68766317
61765534
69310111
65101095
61921329
66390170
61565319
62490896
65441631
64442703
63291195
61681731
69784741
68414976
61202636
64660978
62993246
61427291
65451521
69612222
65839782
64184602
63885527
64232010
69047282
65537511
68719957
67104655
67213779
69846334
68828071
66385370
68933825
63124674
62341048
69758197
67739289
63585932
68618298
68951975
64492656
69004059
69708730
61717313
61628346
64338925
65070961
61277734
66536957
67390134
65139306
65058836
61091131
64462712
66375011
65944876
61167982
61487785
62576116
62448945
61572548
65639338
69524694
64252693
69054302
64063160
61270595
61757908
62863722
65229397
63175989
63617803
65827880
64229268
65221720
63319039
62198122
66644553
69134674
67637646
68289246
62302116
64855099
62333850
67280645
64957554
66737521
62800606
61680947
68969399
61708090
61696937
69246817
63629029
67238737
66570468
61967483
64087825
69932609
62541403
61984924
66669889
64074317
69287847
64500372
69657933
69545686
67114675
67696361
67173995
61010381
69463082
61617049
66800447
67972584
67762914
64840809
66679954
62903300
62670391
64225049
61612135
62683195
62563239
67470515
64314656
62481700
68458761
66328647
63648409
63601059
63258741
64844127
65356995
64906497
63151100
68355711
61902282
61490045
69418463
62202758
65441458
66510860
65783209
68159428
66140740
68842941
68202356
67338177
69434496
69586738
69376222
65348832
67981356
63744027
63799438
61132941
67631244
62141116
68483309
61846072
61061033
63023532
63376083
61822742
61606384
64396176
68351930
61261111
63733107
67951924
65624222
69509850
67997623
66065883
62617210
68532709
64390306
64002451
63719373
65622530
64591442
65860559
69307748
67857692
66827770
65906904
61392787
68217331
63409914
67234106
69410132
68667867
66675609
68013487
66279154
66510533
66610479
64723150
61815538
67959083
67390460
69095301
68282743
66173658
61595849
65719783
68174582
63806420
66057968
64245175
64455926
62207720
62126801
65984633
67511714
69585648
66809705
62685423
65993583
65785106
61266848
66595414
64892540
63291622
61221743
62287632
66292506
64744075
68426224
69361646
63672425
69840115
67628244
64574579
69384622
69211261
69864576
68092900
65208510
64707625
66921321
69107924
68490611
69633134
63580709
62854776
67942075
65735264
64220431
68192148
68669529
63256524
63210085
63291222
61733948
62848851
62994106
69869096
64808776
67401554
68497012
63642619
61951223
62009409
67687728
67776707
66604967
64891364
61382656
66233650
64181434
68771874
69039277
66660258
68143203
61237538
63318144
63079304
62258042
68441022
63290272
65303029
66250961
67710293
66376980
67750224
62026446
65733955
65163070
63913778
65456027
68946490
67031475
62043540
65114509
67235289
65702292
66300021
61732711
67586873
66954260
66668106
61859196
68046430
63796276
68328540
65111526
66026476
68300825
69432519
66554580
69820116
68206127
63210127
69130453
66048531
65134097
64065420
64118699
62015561
63072060
65167280
66619132
68326588
67263774
67335293
64426917
65075227
63275547
61571884
67082355
67490714
68337053
67209747
62667985
68370728
67569410
61923632
63731765
68108500
67009328
63813894
62599203
63069290
65174476
66280752
69261590
63473284
64327601
69054397
67908339
69735633
69963134
68666292
69909486
63690440
62218587
67355061
64393457
67692542
63065527
69824765
66744762
68925762
62981080
66067951
65405285
65367170
66462850
68063321
69808256
63291153
67258097
64844634
69070567
69219488
65510472
63463213
62342302
62327598
69369135
64212804
63199134
69142840
62613437
65034322
67959924
63448537
66971690
65869576
68830349
67178352
64133317
65596057
62030541
68799004
64319206
65174097
61591783
65180326
61523100
64626914
66540125
63701045
64368623
68554073
63659686
66539796
65373992
62268625
68059511
66804210
63079438
67897060
65295245
65876442
62292036
64301370
66578808
61343977
65573038
63146406
64630477
65025729
69822057
65409003
66361984
69260287
63191521
62112643
69234734
63305113
66492442
68358932
63608900
63018684
67600960
66414663
63851293
61235908
66734747
61554919
66858126
61538153
66972554
66536415
68639883
66734059
65448013
67203577
63795901
66238852
64387352
62628301
63093908
69911996
67509121
61925387
61282123
63416895
64114338
63461967
67794840
66886547
64289019
61299767
63312387
67481783
68192135
63938385
61974293
69114699
64317297
62850662
62503627
61854098
64220868
67372187
63512093
64258562
67348860
63886032
61096950
66360987
69477901
68575129
63149754
68935610
67729914
61066471
66053830
64851507
65236636
61290407
65482429
64549841
68107300
62492538
67803691
66493336
67152899
67733787
62758293
65769704
67455670
68721750
66756747
62784199
64796952
68742113
66623578
62110672
69727830
62935129
61456737
64813114
63496931
66912289
68216300
64743434
67518170
68181470
66038443
65268301
63040277
69114778
66302371
63394734
63828662
63561724
63758330
61895036
68921741
61510488
69489320
62810012
67719107
61282408
69957152
63592947
68561126
61661286
62933176
69893700
68385885
69047238
69830264
67399479
67749600
65890048
63163890
64246412
67691543
63640549
69079531
69646127
67941222
62504156
64363434
65636237
64853281
63893537
64625750
63435553
68202984
68614272
66025662
61249873
66389506
61365903