60000002
60000003
60000004
60000005
60000006
60000007
60000009
60000010
60000011
60000012
60000013
60000014
60000015
60000016
60000017
60000018
60000019
60000020
60000021
60000022
60000023
60000024
60000025
60000026
60000027
60000028
60000029
60000030
60000031
60000032
60000033
60000034
60000035
60000036
60000037
60000038
60000039
60000040
60000041
60000042
60000043
60000044
60000045
60000046
60000047
60000048
60000049
60000050
60000051
60000052
60000053
60000054
60000055
60000056
60000057
60000058
60000059
60000060
60000061
60000062
60000063
60000064
60000065
60000066
60000067
60000068
60000069
60000070
60000071
60000072
60000073
60000074
60000075
60000076
60000077
60000078
60000079
60000080
60000081
60000082
60000083
60000084
60000085
60000086
60000087
60000088
60000089
60000090
60000091
60000092
60000093
60000094
60000095
60000096
60000097
60000098
60000099
60000100
60000101
60000102
60000103
60000104
60000105
60000106
60000107
60000108
60000109
60000110
60000111
60000112
60000113
60000114
60000115
60000116
60000117
60000118
60000119
60000120
60000121
60000122
60000123
60000124
60000125
60000126
60000127
60000128
60000129
60000130
60000131
60000132
60000133
60000134
60000135
60000136
60000137
60000138
60000139
60000140
60000141
60000142
60000143
60000144
60000145
60000146
60000147
60000148
60000149
60000150
60000151
60000152
60000153
60000154
60000155
60000156
60000157
60000158
60000159
60000160
60000161
60000162
60000163
60000164
60000165
60000166
60000167
60000168
60000169
60000170
60000171
60000172
60000173
60000174
60000175
60000176
60000177
60000178
60000179
60000180
60000181
60000182
60000183
60000184
60000185
60000186
60000187
60000188
60000189
60000190
60000191
60000192
60000193
60000194
60000195
60000196
60000197
60000198
60000199
60000200
60000201
60000202
60000203
60000204
60000205
60000206
60000207
60000208
60000209
60000210
60000211
60000212
60000213
60000214
60000215
60000216
60000217
60000218
60000219
60000220
60000221
60000222
60000223
60000224
60000225
60000226
60000227
60000228
60000229
60000230
60000231
60000232
60000233
60000234
60000235
60000236
60000237
60000238
60000239
60000240
60000241
60000242
60000243
60000244
60000245
60000246
60000247
60000248
60000249
60000250
60000251
60000252
60000253
60000254
60000255
60000256
60000257
60000258
60000259
60000260
60000261
60000262
60000263
60000264
60000265
60000266
60000267
60000268
60000269
60000270
60000271
60000272
60000273
60000274
60000275
60000276
60000277
60000278
60000279
60000280
60000281
60000282
60000283
60000284
60000285
60000286
60000287
60000288
60000289
60000290
60000291
60000292
60000293
60000294
60000295
60000296
60000297
60000298
60000299
60000300
60000301
60000302
60000303
60000304
60000305
60000306
60000307
60000308
60000309
60000310
60000311
60000312
60000313
60000314
60000315
60000316
60000317
60000318
60000319
60000320
60000321
60000322
60000323
60000324
60000325
60000326
60000327
60000328
60000329
60000330
60000331
60000332
60000333
60000334
60000335
60000336
60000337
60000338
60000339
60000340
60000341
60000342
60000343
60000344
60000345
60000346
60000347
60000348
60000349
60000350
60000351
60000352
60000353
60000354
60000355
60000356
60000357
60000358
60000359
60000360
60000361
60000362
60000363
60000364
60000365
60000366
60000367
60000368
60000369
60000370
60000371
60000372
60000373
60000374
60000375
60000376
60000377
60000378
60000379
60000380
60000381
60000382
60000383
60000384
60000385
60000386
60000387
60000388
60000389
60000390
60000391
60000392
60000393
60000394
60000395
60000396
60000397
60000398
60000399
60000400
60000401
60000402
60000403
60000404
60000405
60000406
60000407
60000408
60000409
60000410
60000411
60000412
60000413
60000414
60000415
60000416
60000417
60000418
60000419
60000420
60000421
60000422
60000423
60000424
60000425
60000426
60000427
60000428
60000429
60000430
60000431
60000432
60000433
60000434
60000435
60000436
60000437
60000438
60000439
60000440
60000441
60000442
60000443
60000444
60000445
60000446
60000447
60000448
60000449
60000450
60000451
60000452
60000453
60000454
60000455
60000456
60000457
60000458
60000459
60000460
60000461
60000462
60000463
60000464
60000465
60000466
60000467
60000468
60000469
60000470
60000471
60000472
60000473
60000474
60000475
60000476
60000477
60000478
60000479
60000480
60000481
60000482
60000483
60000484
60000485
60000486
60000487
60000488
60000489
60000490
60000491
60000492
60000493
60000494
60000495
60000496
60000497
60000498
60000499
60000500
60000501