67229452
63488784
61113978
65601267
68123426
62588885
66792176
63052705
63088690
65898252
63317517
69641822
66911630
67102451
66220399
62613764
62625651
66347655
67964539
69034979
61048493
69455053
62715377
63435875
67335725
66977526
67332354
64270191
68280612
66371371
64704547
63210197
69712879
63557118
63028934
67230844
62937530
68918097
68193656
68456976
69688100
65182624
62053851
61264440
68825458
63835476
64620947
68860205
64603527
62011244
64009423
68709890
64927986
69599862
68981960
67651024
63491341
65690517
61286464
63879656
62590769
62641929
62760807
69545542
62919460
62996796
68798876
61875837
68334674
65848505
68532538
65986696
65333177
65569072
66632171
64731565
65163862
64434657
66875631
63289003
64536986
64723975
65992485
66062725
66075513
61643795
64410759
65631932
67307706
64363579
68649733
62162819
64468641
69738264
68577676
69139364
67313067
65450525
68463153
66632713
62424481
68146718
63907000
64579178
63979655
64154585
66037904
65442985
69914881
69850818
67208518
61607220
62853522
66827140
66570997
64855341
69736362
63830719
65780711
63858070
65352657
61389757
62330060
69897106
61013993
69737500
68738107
61744098
66402466
61908305
61031092
69968942
67765707
63410818
61209561
62306786
63281543
65952779
67529286
65856546
65597812
64765792
65938767
64927549
63081130
64314698
61599502
62879678
67083304
61911628
61559384
62855084
64914959
67452533
63657751
68987526
67903127
62591483
68263210
65183129
62354888
63456565
62781469
61319600
69626740
66157639
64449644
64027054
65820588
69808850
63788667
66733903
62549696
64533689
64844419
61157249
67214647
68153698
67950058
67860890
69704527
67762924
62031254
62518775
62269566
65330182
61124003
65750029
69389472
62486608
68000538
69433200
65257672
64211302
66060197
69784531
65090723
68918895
68337435
62973821
62765298
64665236
68368090
64563002
68698985
61991456
67693469
61914710
68011555
65158873
66198206
68836477
62490860
66410909
68193045
69435297
65688735
62847645
63515799
61814389
62460259
67914309
63230502
62104871
63955033
64313811
61207150
69442171
69905662
62526307
64237811
68057050
65062139
62983372
66315344
68792724
65603607
66929334
65536053
68076168
64297950
67644327
64540269
66203112
62939578
62544639
68691024
65103936
69506385
61331102
69885069
63597335
65830860
63322786
67560874
68858001
62788936
65363926
63588826
69775137
68296458
61705795
61921466
69740645
62897039
66249582
69195574
67270785
68373586
65393349
69992528
66793287
69753679
68110670
62724253
67870911
69205584
67008194
64386438
61554902
66820588
68065587
65651403
61042597
64929945
68959451
68687297
66703938
66909953
61783482
62700417
68654918
67231100
62033052
62411952
66901017
68392441
64248703
69302977
67068834
68727247
68155397
61781025
65855521
68673945
66325186
65293397
62280364
69643217
63142037
64901373
69287710
64009658
66337658
66827714
66545559
68434779
62969507
68560293
66906784
64464032
67608602
67212075
61281928
62202385
67910462
62467020
68397573
69734586
67789315
67141724
62117264
68035832
64792309
61911800
63830366
63931064
64133264
69327937
66998432
66839158
66634081
62107067
63782859
68766885
67403956
64907050
61485114
62607992
68539009
65976517
67895627
62808345
69050721
65444084
62666605
69958048
69589422
63332341
62906771
63944456
67007837
67831948
69794390
62770376
62959734
69702776
66654476
61884252
63647405
61754351
67611580
63614698
62777516
69573285
67046266
63995015
61369249
61547057
61266904
68497040
61064328
63082000
69710939
62424002
69294590
67672356
63890754
64107174
66234093
69352558
66198202
66334464
64174538
66731092
69198955
66668083
63427949
65982088
62716336
65497233
69584445
67917098
63456644
68143470
64704733
61971098
69843604
66470388
64187084
67459586
67429613
62649325
62877753
62996450
65037505
65605017
69663274
67097150
64546389
61810656
62736649
68154059
69087317
65598397
66825928
65660443
66185654
64113104
64941182
62657497
63603239
63600638
69784631
65386432
64938409
62582144
67978842
68255313
64360651
69340562
65911694
64442122
62310773
69160756
63664781
65230643
68080769
68534535
67529070
62196422
69118056
68142539
63514770
64163059
69251562
67062003
67504626
66260606
68059353
65067356
66239616
66992156
67129282
62185787
68447659
66125832
66160777
64662615
69666224
65550971
61329295
64081044
63117100
66649322
64763012
61900588
61014679
64323015
63419437
61802314
67891012
68432814
61196518
62727337
69921103
68780529
68891283
68084321
62203223
62184838
65450323
65968864
69978172
62608964
64800682
64264708
69339424
65743484